0 0.248 0.7799377916018663 0.032 0.03265940902021773
0 0.29333333333333333 0.6026438569206843 0.04 0.03576982892690513
0 0.248 0.6026438569206843 0.018666666666666668 0.029548989113530325
0 0.24866666666666667 0.8538102643856921 0.028 0.03421461897356143
0 0.542 0.4237947122861586 0.03333333333333333 0.03265940902021773
0 0.18 0.5668740279937792 0.037333333333333336 0.03576982892690513
0 0.594 0.7457231726283048 0.03866666666666667 0.03576982892690513
0 0.124 0.6360808709175739 0.04 0.03732503888024884
0 0.5413333333333333 0.7799377916018663 0.034666666666666665 0.03265940902021773
0 0.7046666666666667 0.3545878693623639 0.036 0.03732503888024884
0 0.6493333333333333 0.3545878693623639 0.037333333333333336 0.03421461897356143
0 0.5406666666666666 0.6399688958009331 0.03866666666666667 0.03576982892690513
0 0.45866666666666667 0.4237947122861586 0.034666666666666665 0.03576982892690513
0 0.4053333333333333 0.5295489891135303 0.037333333333333336 0.03576982892690513
0 0.45666666666666667 0.7465007776049767 0.03333333333333333 0.03421461897356143
0 0.8153333333333334 0.3250388802488336 0.036 0.03732503888024884
0 0.23666666666666666 0.5295489891135303 0.036 0.03576982892690513
0 0.5953333333333334 0.5668740279937792 0.036 0.029548989113530325
0 0.76 0.31804043545878696 0.037333333333333336 0.041990668740279936
0 0.7053333333333334 0.42690513219284604 0.037333333333333336 0.03265940902021773
0 0.4053333333333333 0.4595645412130638 0.037333333333333336 0.03265940902021773
0 0.6493333333333333 0.4603421461897356 0.037333333333333336 0.03110419906687403
0 0.6493333333333333 0.5334370139968896 0.034666666666666665 0.03421461897356143
0 0.648 0.7799377916018663 0.037333333333333336 0.03265940902021773
0 0.5946666666666667 0.42534992223950235 0.037333333333333336 0.03576982892690513
0 0.182 0.3856920684292379 0.03866666666666667 0.03732503888024884
0 0.4033333333333333 0.7083981337480559 0.03866666666666667 0.03265940902021773
0 0.124 0.5653188180404355 0.037333333333333336 0.038880248833592534
0 0.238 0.4937791601866252 0.036 0.038880248833592534
0 0.45666666666666667 0.567651632970451 0.036 0.03421461897356143
0 0.294 0.42534992223950235 0.03866666666666667 0.041990668740279936
0 0.406 0.42534992223950235 0.03333333333333333 0.03576982892690513
0 0.404 0.5660964230171073 0.037333333333333336 0.03732503888024884
0 0.5933333333333334 0.7107309486780715 0.04 0.03421461897356143
0 0.5946666666666667 0.45878693623639194 0.037333333333333336 0.03732503888024884
0 0.294 0.38724727838258166 0.036 0.03421461897356143
0 0.594 0.78149300155521 0.03866666666666667 0.03265940902021773
0 0.7566666666666667 0.7441679626749611 0.03866666666666667 0.038880248833592534
0 0.6486666666666666 0.38880248833592534 0.036 0.03421461897356143
0 0.404 0.6741835147744946 0.037333333333333336 0.03576982892690513
0 0.5393333333333333 0.8514774494556765 0.036 0.03265940902021773
0 0.542 0.531104199066874 0.03333333333333333 0.03265940902021773
0 0.8693333333333333 0.2527216174183515 0.04 0.038880248833592534
0 0.4053333333333333 0.31337480559875586 0.034666666666666665 0.038880248833592534
0 0.4053333333333333 0.49455676516329705 0.034666666666666665 0.03421461897356143
0 0.6473333333333333 0.6726283048211509 0.036 0.03265940902021773
0 0.7033333333333334 0.49611197511664074 0.036 0.03421461897356143
0 0.594 0.6757387247278382 0.036 0.03576982892690513
0 0.294 0.31726283048211507 0.03866666666666667 0.03421461897356143
0 0.4026666666666667 0.6384136858475894 0.037333333333333336 0.03576982892690513
0 0.29333333333333333 0.6376360808709176 0.037333333333333336 0.03421461897356143
0 0.4573333333333333 0.6026438569206843 0.037333333333333336 0.03265940902021773
0 0.704 0.5318818040435459 0.037333333333333336 0.03732503888024884
0 0.868 0.21461897356143078 0.04 0.03732503888024884
0 0.3506666666666667 0.27682737169517885 0.037333333333333336 0.04043545878693624
0 0.23733333333333334 0.4237947122861586 0.037333333333333336 0.03576982892690513
0 0.594 0.8164852255054432 0.03866666666666667 0.03421461897356143
0 0.18066666666666667 0.6026438569206843 0.036 0.03265940902021773
0 0.458 0.6726283048211509 0.036 0.03265940902021773
0 0.45866666666666667 0.49611197511664074 0.034666666666666665 0.03421461897356143
0 0.12333333333333334 0.7083981337480559 0.03866666666666667 0.03265940902021773
0 0.2926666666666667 0.78149300155521 0.03866666666666667 0.03576982892690513
0 0.648 0.6384136858475894 0.037333333333333336 0.03576982892690513
0 0.18133333333333335 0.49300155520995337 0.034666666666666665 0.03732503888024884
0 0.2926666666666667 0.5660964230171073 0.036 0.03732503888024884
0 0.704 0.6026438569206843 0.037333333333333336 0.03576982892690513
0 0.6486666666666666 0.7426127527216174 0.036 0.03576982892690513
0 0.7586666666666667 0.4968895800933126 0.037333333333333336 0.03265940902021773
0 0.704 0.7457231726283048 0.037333333333333336 0.03576982892690513
0 0.5426666666666666 0.4968895800933126 0.037333333333333336 0.03265940902021773
0 0.22466666666666665 0.671850699844479 0.028 0.03421461897356143
0 0.12333333333333334 0.7441679626749611 0.03866666666666667 0.038880248833592534
0 0.126 0.3483670295489891 0.036 0.03732503888024884
0 0.45666666666666667 0.8157076205287714 0.036 0.038880248833592534
0 0.18133333333333335 0.5295489891135303 0.034666666666666665 0.038880248833592534
0 0.7046666666666667 0.3164852255054432 0.03866666666666667 0.038880248833592534
0 0.18266666666666667 0.24416796267496113 0.037333333333333336 0.03421461897356143
0 0.7586666666666667 0.531104199066874 0.037333333333333336 0.038880248833592534
0 0.7033333333333334 0.8491446345256609 0.036 0.03732503888024884
0 0.7546666666666667 0.8522550544323484 0.037333333333333336 0.03421461897356143
0 0.404 0.8530326594090202 0.037333333333333336 0.03265940902021773
0 0.7586666666666667 0.567651632970451 0.034666666666666665 0.03421461897356143
0 0.6486666666666666 0.8157076205287714 0.03866666666666667 0.038880248833592534
0 0.294 0.24650077760497668 0.03866666666666667 0.03265940902021773
0 0.226 0.7083981337480559 0.025333333333333333 0.029548989113530325
0 0.29533333333333334 0.2822706065318818 0.03866666666666667 0.03576982892690513
0 0.7553333333333333 0.8864696734059098 0.036 0.03110419906687403
0 0.25 0.7457231726283048 0.025333333333333333 0.029548989113530325
0 0.22266666666666668 0.8538102643856921 0.02666666666666667 0.03732503888024884
0 0.292 0.885692068429238 0.034666666666666665 0.029548989113530325
0 0.12333333333333334 0.8188180404354588 0.03866666666666667 0.038880248833592534
0 0.5073333333333333 0.5645412130637636 0.02266666666666667 0.03110419906687403
0 0.24666666666666667 0.8880248833592534 0.029333333333333333 0.027993779160186624
0 0.22933333333333333 0.5660964230171073 0.029333333333333333 0.03110419906687403
0 0.166 0.7465007776049767 0.02266666666666667 0.027993779160186624
0 0.19466666666666665 0.7091757387247278 0.02666666666666667 0.03110419906687403
0 0.25 0.6741835147744946 0.025333333333333333 0.03576982892690513
0 0.25066666666666665 0.6360808709175739 0.021333333333333333 0.03110419906687403
0 0.5 0.3009331259720062 0.029333333333333333 0.029548989113530325
0 0.182 0.4230171073094868 0.036 0.03421461897356143
0 0.126 0.4230171073094868 0.03866666666666667 0.03421461897356143
0 0.184 0.20684292379471228 0.037333333333333336 0.04043545878693624
0 0.704 0.7099533437013997 0.037333333333333336 0.03576982892690513
0 0.2946666666666667 0.20762052877138415 0.04 0.041990668740279936
0 0.18333333333333332 0.31493001555209954 0.036 0.03265940902021773
0 0.5053333333333333 0.5948678071539658 0.021333333333333333 0.026438569206842923
0 0.22533333333333333 0.6026438569206843 0.02666666666666667 0.029548989113530325
0 0.25266666666666665 0.5653188180404355 0.02266666666666667 0.029548989113530325
0 0.12933333333333333 0.31493001555209954 0.032 0.029548989113530325
0 0.24866666666666667 0.8164852255054432 0.025333333333333333 0.03421461897356143
0 0.25133333333333335 0.7107309486780715 0.025333333333333333 0.03421461897356143
0 0.8693333333333333 0.2846034214618974 0.042666666666666665 0.02177293934681182
0 0.8686666666666667 0.45800933125972004 0.04133333333333333 0.026438569206842923
0 0.502 0.4020217729393468 0.025333333333333333 0.017107309486780714
0 0.5013333333333333 0.37325038880248834 0.025333333333333333 0.03732503888024884
0 0.8693333333333333 0.3926905132192846 0.04 0.03576982892690513
0 0.87 0.3584758942457232 0.04 0.03421461897356143
0 0.8686666666666667 0.42690513219284604 0.03866666666666667 0.03265940902021773
0 0.7593333333333333 0.46111975116640747 0.036 0.038880248833592534
0 0.87 0.31959564541213065 0.04133333333333333 0.04043545878693624
0 0.2926666666666667 0.7457231726283048 0.03866666666666667 0.03576982892690513
0 0.648 0.8522550544323484 0.037333333333333336 0.03421461897356143
0 0.18266666666666667 0.2807153965785381 0.037333333333333336 0.03576982892690513
0 0.22533333333333333 0.7441679626749611 0.029333333333333333 0.03576982892690513
0 0.45666666666666667 0.8530326594090202 0.036 0.03576982892690513
0 0.6493333333333333 0.5660964230171073 0.034666666666666665 0.03110419906687403
0 0.12533333333333332 0.20684292379471228 0.04 0.03732503888024884
0 0.16733333333333333 0.7091757387247278 0.028 0.03732503888024884
0 0.12333333333333334 0.5303265940902022 0.03866666666666667 0.03110419906687403
0 0.2926666666666667 0.8506998444790047 0.036 0.03732503888024884
0 0.7026666666666667 0.8149300155520995 0.034666666666666665 0.03421461897356143
0 0.502 0.20451010886469673 0.028 0.026438569206842923
0 0.23866666666666667 0.31337480559875586 0.037333333333333336 0.041990668740279936
0 0.124 0.7807153965785381 0.037333333333333336 0.03421461897356143
0 0.758 0.671850699844479 0.036 0.03110419906687403
0 0.126 0.2807153965785381 0.03866666666666667 0.03576982892690513
0 0.292 0.8164852255054432 0.037333333333333336 0.03110419906687403
0 0.4553333333333333 0.8872472783825817 0.036 0.03265940902021773
0 0.7046666666666667 0.3911353032659409 0.03866666666666667 0.03576982892690513
0 0.238 0.35069984447900465 0.036 0.03265940902021773
0 0.12533333333333332 0.3856920684292379 0.037333333333333336 0.03732503888024884
0 0.758 0.6391912908242613 0.036 0.03421461897356143
0 0.19466666666666665 0.78149300155521 0.024 0.03576982892690513
0 0.7586666666666667 0.6026438569206843 0.037333333333333336 0.03576982892690513
0 0.6486666666666666 0.6010886469673405 0.036 0.03576982892690513
0 0.4573333333333333 0.531104199066874 0.037333333333333336 0.03576982892690513
0 0.4046666666666667 0.7433903576982893 0.03866666666666667 0.03732503888024884
0 0.12533333333333332 0.24339035769828926 0.04 0.03576982892690513
0 0.404 0.7799377916018663 0.037333333333333336 0.03576982892690513
0 0.5006666666666667 0.2690513219284603 0.030666666666666665 0.03421461897356143
0 0.224 0.7807153965785381 0.02666666666666667 0.03110419906687403
0 0.182 0.34914463452566097 0.036 0.03576982892690513
0 0.7586666666666667 0.42534992223950235 0.034666666666666665 0.03265940902021773
0 0.22466666666666665 0.8164852255054432 0.028 0.03732503888024884
0 0.4033333333333333 0.8180404354587869 0.03866666666666667 0.03732503888024884
0 0.12533333333333332 0.4572317262830482 0.037333333333333336 0.03421461897356143
0 0.5946666666666667 0.8506998444790047 0.037333333333333336 0.03421461897356143
0 0.23733333333333334 0.45878693623639194 0.034666666666666665 0.03110419906687403
0 0.194 0.744945567651633 0.025333333333333333 0.03110419906687403
0 0.7586666666666667 0.7068429237947123 0.034666666666666665 0.03576982892690513
0 0.18133333333333335 0.4572317262830482 0.034666666666666665 0.03421461897356143
0 0.5013333333333333 0.23250388802488337 0.029333333333333333 0.029548989113530325
0 0.404 0.8872472783825817 0.04 0.03265940902021773
0 0.704 0.8849144634525661 0.037333333333333336 0.03421461897356143
0 0.12466666666666666 0.49611197511664074 0.04133333333333333 0.04043545878693624
0 0.7026666666666667 0.7807153965785381 0.034666666666666665 0.03421461897356143
0 0.4573333333333333 0.6376360808709176 0.037333333333333336 0.03732503888024884
0 0.5933333333333334 0.8864696734059098 0.037333333333333336 0.03732503888024884
0 0.7033333333333334 0.6741835147744946 0.036 0.03576982892690513
0 0.7546666666666667 0.8172628304821151 0.04 0.03265940902021773
0 0.18 0.6726283048211509 0.034666666666666665 0.03265940902021773
0 0.226 0.6360808709175739 0.028 0.03421461897356143
0 0.648 0.7068429237947123 0.037333333333333336 0.03576982892690513
0 0.166 0.7830482115085536 0.028 0.03265940902021773
0 0.2926666666666667 0.7091757387247278 0.04133333333333333 0.03732503888024884
0 0.7046666666666667 0.6376360808709176 0.036 0.03421461897356143
0 0.404 0.6026438569206843 0.037333333333333336 0.03576982892690513
0 0.238 0.3864696734059098 0.036 0.03576982892690513
0 0.294 0.3514774494556765 0.036 0.03421461897356143
0 0.12466666666666666 0.6018662519440124 0.036 0.03421461897356143
0 0.648 0.8872472783825817 0.037333333333333336 0.03265940902021773
0 0.456 0.7799377916018663 0.034666666666666665 0.03265940902021773
0 0.292 0.671850699844479 0.037333333333333336 0.03421461897356143
0 0.8146666666666667 0.2838258164852255 0.04 0.041990668740279936
0 0.704 0.4618973561430793 0.037333333333333336 0.03421461897356143
0 0.7033333333333334 0.5668740279937792 0.036 0.03576982892690513
0 0.7586666666666667 0.3911353032659409 0.037333333333333336 0.03576982892690513
0 0.458 0.4603421461897356 0.036 0.03732503888024884
0 0.7566666666666667 0.78149300155521 0.03866666666666667 0.03576982892690513
0 0.12266666666666666 0.6734059097978227 0.04 0.03732503888024884
0 0.18066666666666667 0.6376360808709176 0.03866666666666667 0.03421461897356143
0 0.7593333333333333 0.3561430793157076 0.036 0.03421461897356143
0 0.5946666666666667 0.6384136858475894 0.037333333333333336 0.038880248833592534
0 0.4046666666666667 0.3499222395023328 0.036 0.03421461897356143
0 0.45866666666666667 0.35536547433903576 0.037333333333333336 0.03265940902021773
0 0.5413333333333333 0.8872472783825817 0.037333333333333336 0.03576982892690513
0 0.5413333333333333 0.6734059097978227 0.037333333333333336 0.03421461897356143
0 0.5406666666666666 0.8157076205287714 0.036 0.03576982892690513
0 0.4573333333333333 0.7083981337480559 0.037333333333333336 0.038880248833592534
0 0.5426666666666666 0.31337480559875586 0.037333333333333336 0.041990668740279936
0 0.542 0.5660964230171073 0.03333333333333333 0.03732503888024884
0 0.45866666666666667 0.38724727838258166 0.037333333333333336 0.03421461897356143
0 0.5426666666666666 0.4603421461897356 0.034666666666666665 0.03732503888024884
0 0.596 0.5326594090202177 0.037333333333333336 0.03576982892690513
0 0.5426666666666666 0.3545878693623639 0.034666666666666665 0.03732503888024884
0 0.5946666666666667 0.39035769828926903 0.037333333333333336 0.03421461897356143
0 0.65 0.49611197511664074 0.036 0.03732503888024884
0 0.5953333333333334 0.3538102643856921 0.03866666666666667 0.038880248833592534
0 0.5406666666666666 0.7091757387247278 0.036 0.03732503888024884
0 0.596 0.6003110419906688 0.037333333333333336 0.03732503888024884
0 0.35 0.31726283048211507 0.036 0.03732503888024884
0 0.648 0.42534992223950235 0.04 0.041990668740279936
0 0.5966666666666667 0.31493001555209954 0.03866666666666667 0.038880248833592534
0 0.4053333333333333 0.38724727838258166 0.037333333333333336 0.03732503888024884
0 0.5413333333333333 0.604199066874028 0.037333333333333336 0.03576982892690513
0 0.5406666666666666 0.7465007776049767 0.036 0.03421461897356143
0 0.596 0.49611197511664074 0.034666666666666665 0.03732503888024884
0 0.542 0.39035769828926903 0.036 0.03421461897356143
0 0.4593333333333333 0.31493001555209954 0.03866666666666667 0.038880248833592534
0 0.6513333333333333 0.31726283048211507 0.03866666666666667 0.04043545878693624