0 0.44375 0.632120253164557 0.035 0.030063291139240507
0 0.773125 0.6637658227848101 0.03625 0.03639240506329114
0 0.51125 0.7064873417721519 0.0225 0.023734177215189875
0 0.1675 0.6281645569620253 0.035 0.03164556962025317
0 0.168125 0.4723101265822785 0.03125 0.030063291139240507
0 0.44375 0.5704113924050633 0.0375 0.030063291139240507
0 0.77375 0.6052215189873418 0.035 0.03639240506329114
0 0.884375 0.4177215189873418 0.03625 0.03164556962025317
0 0.11125 0.4098101265822785 0.035 0.03164556962025317
0 0.5525 0.7587025316455697 0.035 0.03322784810126582
0 0.51 0.8560126582278481 0.0225 0.022151898734177215
0 0.499375 0.46044303797468356 0.03375 0.03481012658227848
0 0.441875 0.7879746835443038 0.03625 0.03164556962025317
0 0.511875 0.5775316455696202 0.02375 0.02531645569620253
0 0.884375 0.5712025316455697 0.03625 0.03481012658227848
0 0.885 0.4501582278481013 0.035 0.03639240506329114
0 0.444375 0.6621835443037974 0.03375 0.03322784810126582
0 0.511875 0.8813291139240507 0.02125 0.02531645569620253
0 0.5525 0.7270569620253164 0.035 0.030063291139240507
0 0.82875 0.8267405063291139 0.035 0.03322784810126582
0 0.88375 0.6360759493670886 0.0375 0.03481012658227848
0 0.885 0.6977848101265823 0.035 0.03164556962025317
0 0.553125 0.7919303797468354 0.03375 0.030063291139240507
0 0.66375 0.6954113924050633 0.035 0.03322784810126582
0 0.66375 0.41455696202531644 0.0325 0.03164556962025317
0 0.829375 0.4137658227848101 0.03375 0.03322784810126582
0 0.333125 0.5363924050632911 0.03375 0.03164556962025317
0 0.166875 0.8180379746835443 0.03625 0.028481012658227847
0 0.773125 0.7286392405063291 0.03625 0.03322784810126582
0 0.33375 0.7887658227848101 0.035 0.030063291139240507
0 0.553125 0.696993670886076 0.03625 0.03322784810126582
0 0.110625 0.504746835443038 0.03625 0.028481012658227847
0 0.829375 0.4786392405063291 0.03625 0.03322784810126582
0 0.2775 0.7587025316455697 0.035 0.02689873417721519
0 0.4975 0.7982594936708861 0.0325 0.03322784810126582
0 0.828125 0.6020569620253164 0.03375 0.03322784810126582
0 0.718125 0.8259493670886076 0.03375 0.0379746835443038
0 0.278125 0.882120253164557 0.03625 0.03322784810126582
0 0.884375 0.5395569620253164 0.03375 0.03164556962025317
0 0.388125 0.5363924050632911 0.03625 0.03164556962025317
0 0.166875 0.757120253164557 0.03375 0.030063291139240507
0 0.77375 0.7903481012658228 0.0375 0.03639240506329114
0 0.166875 0.7863924050632911 0.03375 0.03481012658227848
0 0.884375 0.8251582278481012 0.03625 0.03322784810126582
0 0.66375 0.7238924050632911 0.035 0.030063291139240507
0 0.829375 0.6677215189873418 0.03375 0.03481012658227848
0 0.3875 0.6305379746835443 0.035 0.03322784810126582
0 0.16625 0.7270569620253164 0.035 0.03322784810126582
0 0.166875 0.5965189873417721 0.03625 0.03164556962025317
0 0.82875 0.7919303797468354 0.0325 0.03639240506329114
0 0.3875 0.5988924050632911 0.035 0.030063291139240507
0 0.2225 0.567246835443038 0.0325 0.030063291139240507
0 0.71875 0.5704113924050633 0.035 0.030063291139240507
0 0.3325 0.7587025316455697 0.035 0.030063291139240507
0 0.83 0.3813291139240506 0.0325 0.03481012658227848
0 0.6625 0.8860759493670886 0.035 0.03164556962025317
0 0.3325 0.5988924050632911 0.0325 0.030063291139240507
0 0.1675 0.5031645569620253 0.035 0.03164556962025317
0 0.884375 0.6036392405063291 0.03875 0.03322784810126582
0 0.169375 0.4074367088607595 0.03875 0.03955696202531646
0 0.33375 0.5055379746835443 0.0325 0.03322784810126582
0 0.3875 0.8504746835443038 0.035 0.02689873417721519
0 0.884375 0.3829113924050633 0.03625 0.0379746835443038
0 0.5525 0.8204113924050633 0.035 0.030063291139240507
0 0.443125 0.6938291139240507 0.03375 0.030063291139240507
0 0.553125 0.6313291139240507 0.03625 0.03164556962025317
0 0.77375 0.4485759493670886 0.035 0.030063291139240507
0 0.718125 0.7911392405063291 0.03375 0.03164556962025317
0 0.441875 0.8837025316455697 0.03375 0.03322784810126582
0 0.66375 0.6645569620253164 0.035 0.03164556962025317
0 0.554375 0.4754746835443038 0.03125 0.03322784810126582
0 0.443125 0.8512658227848101 0.03375 0.03164556962025317
0 0.333125 0.7262658227848101 0.03375 0.03481012658227848
0 0.71875 0.6313291139240507 0.035 0.03164556962025317
0 0.22375 0.40822784810126583 0.0325 0.03481012658227848
0 0.60875 0.5996835443037974 0.035 0.03164556962025317
0 0.27875 0.5063291139240507 0.035 0.03164556962025317
0 0.55375 0.5079113924050633 0.0325 0.03164556962025317
0 0.718125 0.4754746835443038 0.03375 0.030063291139240507
0 0.60875 0.6637658227848101 0.035 0.03322784810126582
0 0.71875 0.4161392405063291 0.0325 0.03164556962025317
0 0.3875 0.819620253164557 0.0325 0.03164556962025317
0 0.7175 0.7270569620253164 0.035 0.03322784810126582
0 0.66375 0.632120253164557 0.0325 0.03322784810126582
0 0.386875 0.692246835443038 0.03125 0.03322784810126582
0 0.333125 0.6606012658227848 0.03125 0.030063291139240507
0 0.77375 0.509493670886076 0.035 0.03164556962025317
0 0.441875 0.8204113924050633 0.03375 0.03322784810126582
0 0.55125 0.884493670886076 0.0375 0.03164556962025317
0 0.333125 0.5680379746835443 0.03375 0.03481012658227848
0 0.38875 0.40822784810126583 0.035 0.03481012658227848
0 0.60875 0.6313291139240507 0.035 0.03164556962025317
0 0.663125 0.4802215189873418 0.03375 0.03639240506329114
0 0.663125 0.5704113924050633 0.03125 0.03322784810126582
0 0.278125 0.5680379746835443 0.03625 0.03164556962025317
0 0.5525 0.8520569620253164 0.035 0.03322784810126582
0 0.55375 0.5395569620253164 0.0325 0.03164556962025317
0 0.2775 0.7278481012658228 0.035 0.03481012658227848
0 0.4425 0.7262658227848101 0.035 0.03481012658227848
0 0.443125 0.507120253164557 0.03625 0.030063291139240507
0 0.71875 0.6645569620253164 0.035 0.03481012658227848
0 0.661875 0.7563291139240507 0.03375 0.03481012658227848
0 0.3875 0.7863924050632911 0.035 0.03481012658227848
0 0.278125 0.6938291139240507 0.03625 0.03322784810126582
0 0.333125 0.6938291139240507 0.03125 0.03322784810126582
0 0.71875 0.5079113924050633 0.0325 0.03164556962025317
0 0.44375 0.4754746835443038 0.035 0.03322784810126582
0 0.388125 0.882120253164557 0.03625 0.03322784810126582
0 0.55375 0.5988924050632911 0.035 0.03639240506329114
0 0.278125 0.40901898734177217 0.03375 0.03639240506329114
0 0.60875 0.379746835443038 0.0375 0.0379746835443038
0 0.71875 0.5395569620253164 0.035 0.03164556962025317
0 0.44375 0.4098101265822785 0.0375 0.0379746835443038
0 0.3325 0.4074367088607595 0.035 0.03955696202531646
0 0.829375 0.44699367088607594 0.03625 0.03322784810126582
0 0.6625 0.7895569620253164 0.035 0.03164556962025317
0 0.334375 0.47468354430379744 0.03375 0.028481012658227847
0 0.71875 0.4462025316455696 0.035 0.028481012658227847
0 0.333125 0.4438291139240506 0.03625 0.03322784810126582
0 0.77375 0.4161392405063291 0.035 0.03481012658227848
0 0.774375 0.5403481012658228 0.03375 0.030063291139240507
0 0.388125 0.5680379746835443 0.03375 0.03481012658227848
0 0.663125 0.3813291139240506 0.03375 0.03481012658227848
0 0.333125 0.8837025316455697 0.03625 0.030063291139240507
0 0.60875 0.7262658227848101 0.0325 0.03164556962025317
0 0.609375 0.44462025316455694 0.03625 0.03164556962025317
0 0.553125 0.6645569620253164 0.03375 0.03481012658227848
0 0.27875 0.442246835443038 0.035 0.03322784810126582
0 0.774375 0.5704113924050633 0.03375 0.03322784810126582
0 0.718125 0.5996835443037974 0.03625 0.03164556962025317
0 0.77375 0.3813291139240506 0.035 0.03481012658227848
0 0.71875 0.38212025316455694 0.0325 0.03322784810126582
0 0.279375 0.5371835443037974 0.03625 0.030063291139240507
0 0.6625 0.8536392405063291 0.035 0.03322784810126582
0 0.443125 0.5395569620253164 0.03625 0.03481012658227848
0 0.111875 0.5371835443037974 0.03625 0.03639240506329114
0 0.774375 0.8251582278481012 0.03625 0.03639240506329114
0 0.554375 0.5680379746835443 0.03375 0.028481012658227847
0 0.2225 0.5363924050632911 0.035 0.03164556962025317
0 0.60875 0.759493670886076 0.035 0.03481012658227848
0 0.61 0.507120253164557 0.035 0.03322784810126582
0 0.333125 0.8512658227848101 0.03375 0.03164556962025317
0 0.386875 0.6606012658227848 0.03375 0.030063291139240507
0 0.278125 0.47310126582278483 0.03625 0.03164556962025317
0 0.166875 0.5664556962025317 0.03375 0.03164556962025317
0 0.774375 0.4778481012658228 0.03375 0.03164556962025317
0 0.223125 0.504746835443038 0.03375 0.03164556962025317
0 0.609375 0.569620253164557 0.03375 0.03164556962025317
0 0.66375 0.5371835443037974 0.0325 0.03322784810126582
0 0.278125 0.6606012658227848 0.03375 0.03322784810126582
0 0.333125 0.6289556962025317 0.03375 0.03322784810126582
0 0.608125 0.6962025316455697 0.03375 0.03164556962025317
0 0.61 0.4762658227848101 0.035 0.03164556962025317
0 0.166875 0.6590189873417721 0.03625 0.03322784810126582
0 0.718125 0.6954113924050633 0.03375 0.030063291139240507
0 0.223125 0.442246835443038 0.03375 0.03322784810126582
0 0.884375 0.7919303797468354 0.03625 0.03322784810126582
0 0.333125 0.819620253164557 0.03375 0.03164556962025317
0 0.774375 0.6977848101265823 0.03625 0.03164556962025317
0 0.223125 0.47310126582278483 0.03375 0.03164556962025317
0 0.5 0.36313291139240506 0.0325 0.01740506329113924
0 0.498125 0.40110759493670883 0.0325 0.0189873417721519
0 0.498125 0.41693037974683544 0.035 0.01740506329113924
0 0.499375 0.5537974683544303 0.0325 0.012658227848101266
0 0.513125 0.6012658227848101 0.02125 0.0189873417721519
0 0.7175 0.8568037974683544 0.035 0.03322784810126582
0 0.113125 0.34889240506329117 0.03625 0.03639240506329114
0 0.829375 0.7484177215189873 0.03375 0.04746835443037975
0 0.77375 0.8852848101265823 0.035 0.03639240506329114
0 0.82875 0.8544303797468354 0.035 0.028481012658227847
0 0.884375 0.8860759493670886 0.03375 0.03481012658227848
0 0.77375 0.7579113924050633 0.035 0.028481012658227847
0 0.77375 0.634493670886076 0.035 0.03164556962025317
0 0.5 0.3813291139240506 0.035 0.022151898734177215
0 0.884375 0.7278481012658228 0.03375 0.03164556962025317
0 0.168125 0.442246835443038 0.03375 0.03322784810126582
0 0.829375 0.5712025316455697 0.03125 0.028481012658227847
0 0.554375 0.40822784810126583 0.03375 0.03481012658227848
0 0.1125 0.375 0.035 0.03481012658227848
0 0.884375 0.7563291139240507 0.03375 0.03481012658227848
0 0.388125 0.47151898734177217 0.03375 0.03164556962025317
0 0.83 0.6993670886075949 0.0325 0.03164556962025317
0 0.884375 0.6669303797468354 0.03625 0.03322784810126582
0 0.773125 0.8583860759493671 0.03375 0.03322784810126582
0 0.555 0.442246835443038 0.0325 0.030063291139240507
0 0.511875 0.6416139240506329 0.02375 0.020569620253164556
0 0.11125 0.442246835443038 0.0325 0.030063291139240507
0 0.38875 0.4462025316455696 0.035 0.0379746835443038
0 0.663125 0.5087025316455697 0.03375 0.023734177215189875
0 0.718125 0.8837025316455697 0.03625 0.03955696202531646
0 0.51125 0.6629746835443038 0.025 0.022151898734177215
0 0.444375 0.6012658227848101 0.03625 0.03164556962025317
0 0.884375 0.47943037974683544 0.03375 0.028481012658227847
0 0.82875 0.8837025316455697 0.0375 0.03639240506329114
0 0.2775 0.6305379746835443 0.035 0.030063291139240507
0 0.82875 0.5403481012658228 0.03 0.03322784810126582
0 0.88375 0.8575949367088608 0.035 0.03164556962025317
0 0.111875 0.4723101265822785 0.03375 0.03322784810126582
0 0.815625 0.5079113924050633 0.01875 0.02531645569620253
0 0.443125 0.7579113924050633 0.03625 0.028481012658227847
0 0.84125 0.509493670886076 0.025 0.02531645569620253
0 0.278125 0.8520569620253164 0.03375 0.03322784810126582
0 0.276875 0.7871835443037974 0.03375 0.03322784810126582
0 0.884375 0.5087025316455697 0.03375 0.03322784810126582
0 0.223125 0.5988924050632911 0.03375 0.03322784810126582
0 0.66375 0.4462025316455696 0.0325 0.03164556962025317
0 0.3875 0.754746835443038 0.035 0.028481012658227847
0 0.278125 0.819620253164557 0.03375 0.03164556962025317
0 0.278125 0.6012658227848101 0.03625 0.03481012658227848
0 0.60875 0.5395569620253164 0.035 0.03164556962025317
0 0.166875 0.6930379746835443 0.03625 0.03481012658227848
0 0.7175 0.759493670886076 0.035 0.03164556962025317
0 0.60875 0.4129746835443038 0.035 0.03164556962025317
0 0.3875 0.7246835443037974 0.0325 0.03164556962025317
0 0.388125 0.504746835443038 0.03625 0.03481012658227848
0 0.82875 0.6352848101265823 0.0325 0.030063291139240507
0 0.1675 0.5356012658227848 0.035 0.03322784810126582
0 0.44375 0.4430379746835443 0.035 0.03164556962025317
0 0.663125 0.8212025316455697 0.03375 0.03164556962025317
0 0.1675 0.8512658227848101 0.035 0.03481012658227848
0 0.663125 0.6012658227848101 0.03375 0.028481012658227847
0 0.499375 0.34335443037974683 0.03625 0.022151898734177215
0 0.51125 0.6843354430379747 0.0225 0.020569620253164556
0 0.511875 0.6210443037974683 0.02375 0.020569620253164556
0 0.500625 0.5118670886075949 0.03625 0.023734177215189875
0 0.498125 0.43354430379746833 0.03375 0.0189873417721519
0 0.500625 0.5340189873417721 0.03625 0.023734177215189875