0 0.6044444444444445 0.7832512315270936 0.03333333333333333 0.03940886699507389
0 0.3988888888888889 0.2019704433497537 0.03333333333333333 0.03940886699507389
0 0.5538888888888889 0.7413793103448276 0.03222222222222222 0.04433497536945813
0 0.29388888888888887 0.6995073891625616 0.034444444444444444 0.03940886699507389
0 0.7055555555555556 0.5755336617405583 0.03333333333333333 0.03776683087027915
0 0.295 0.6165845648604269 0.034444444444444444 0.041050903119868636
0 0.08888888888888889 0.3308702791461412 0.035555555555555556 0.041050903119868636
0 0.8083333333333333 0.4129720853858785 0.03222222222222222 0.041050903119868636
0 0.14 0.6584564860426929 0.03333333333333333 0.03940886699507389
0 0.7066666666666667 0.6559934318555009 0.03111111111111111 0.03776683087027915
0 0.08777777777777777 0.7003284072249589 0.035555555555555556 0.041050903119868636
0 0.8588888888888889 0.5361247947454844 0.035555555555555556 0.041050903119868636
0 0.7055555555555556 0.4942528735632184 0.03333333333333333 0.03940886699507389
0 0.22944444444444445 0.8243021346469622 0.023333333333333334 0.0361247947454844
0 0.13944444444444445 0.7422003284072249 0.03666666666666667 0.042692939244663386
0 0.76 0.909688013136289 0.035555555555555556 0.042692939244663386
0 0.13944444444444445 0.9105090311986864 0.03666666666666667 0.047619047619047616
0 0.08833333333333333 0.7422003284072249 0.03666666666666667 0.042692939244663386
0 0.14 0.5755336617405583 0.03333333333333333 0.03776683087027915
0 0.7572222222222222 0.5755336617405583 0.03222222222222222 0.041050903119868636
0 0.295 0.9105090311986864 0.03222222222222222 0.041050903119868636
0 0.08777777777777777 0.9113300492610837 0.03333333333333333 0.04597701149425287
0 0.295 0.49589490968801314 0.03222222222222222 0.03940886699507389
0 0.19111111111111112 0.8669950738916257 0.03333333333333333 0.03940886699507389
0 0.6038888888888889 0.8234811165845649 0.03222222222222222 0.041050903119868636
0 0.8611111111111112 0.8628899835796388 0.035555555555555556 0.041050903119868636
0 0.7066666666666667 0.7832512315270936 0.03333333333333333 0.042692939244663386
0 0.7072222222222222 0.8637110016420362 0.034444444444444444 0.042692939244663386
0 0.7055555555555556 0.6157635467980296 0.03333333333333333 0.03940886699507389
0 0.3983333333333333 0.6592775041050903 0.03222222222222222 0.03776683087027915
0 0.5033333333333333 0.24630541871921183 0.042222222222222223 0.03940886699507389
0 0.8594444444444445 0.49261083743842365 0.034444444444444444 0.042692939244663386
0 0.705 0.3735632183908046 0.034444444444444444 0.041050903119868636
0 0.7577777777777778 0.6165845648604269 0.03333333333333333 0.041050903119868636
0 0.6555555555555556 0.9080459770114943 0.035555555555555556 0.04597701149425287
0 0.8622222222222222 0.7807881773399015 0.03333333333333333 0.03776683087027915
0 0.22944444444444445 0.7816091954022989 0.023333333333333334 0.03284072249589491
0 0.8577777777777778 0.2889983579638752 0.03111111111111111 0.03940886699507389
0 0.705 0.2044334975369458 0.03222222222222222 0.041050903119868636
0 0.8616666666666667 0.9064039408866995 0.034444444444444444 0.04597701149425287
0 0.19111111111111112 0.4129720853858785 0.03333333333333333 0.034482758620689655
0 0.705 0.4121510673234811 0.03222222222222222 0.03940886699507389
0 0.08777777777777777 0.8661740558292282 0.03333333333333333 0.041050903119868636
0 0.7588888888888888 0.7832512315270936 0.035555555555555556 0.042692939244663386
0 0.9111111111111111 0.20361247947454844 0.035555555555555556 0.04926108374384237
0 0.29388888888888887 0.33251231527093594 0.03666666666666667 0.04433497536945813
0 0.8083333333333333 0.28653530377668307 0.03222222222222222 0.04433497536945813
0 0.7566666666666667 0.3308702791461412 0.03111111111111111 0.03776683087027915
0 0.8594444444444445 0.5755336617405583 0.03222222222222222 0.03776683087027915
0 0.2561111111111111 0.8234811165845649 0.023333333333333334 0.034482758620689655
0 0.8605555555555555 0.7422003284072249 0.034444444444444444 0.03940886699507389
0 0.8616666666666667 0.8218390804597702 0.034444444444444444 0.041050903119868636
0 0.25666666666666665 0.7799671592775042 0.022222222222222223 0.03284072249589491
0 0.3977777777777778 0.8210180623973727 0.035555555555555556 0.042692939244663386
0 0.91 0.2471264367816092 0.035555555555555556 0.03776683087027915
0 0.8072222222222222 0.32922824302134646 0.03222222222222222 0.041050903119868636
0 0.7594444444444445 0.8637110016420362 0.034444444444444444 0.04597701149425287
0 0.8577777777777778 0.20361247947454844 0.03111111111111111 0.03940886699507389
0 0.3972222222222222 0.7799671592775042 0.03222222222222222 0.03940886699507389
0 0.3977777777777778 0.7405582922824302 0.035555555555555556 0.0361247947454844
0 0.295 0.5361247947454844 0.03222222222222222 0.041050903119868636
0 0.3983333333333333 0.8653530377668309 0.03222222222222222 0.042692939244663386
0 0.8594444444444445 0.6157635467980296 0.034444444444444444 0.03940886699507389
0 0.29444444444444445 0.8669950738916257 0.03333333333333333 0.03940886699507389
0 0.295 0.20361247947454844 0.03222222222222222 0.042692939244663386
0 0.7572222222222222 0.5369458128078818 0.03222222222222222 0.03940886699507389
0 0.08777777777777777 0.5369458128078818 0.03111111111111111 0.0361247947454844
0 0.7055555555555556 0.45320197044334976 0.03111111111111111 0.03940886699507389
0 0.5033333333333333 0.2799671592775041 0.04 0.031198686371100164
0 0.6044444444444445 0.7027914614121511 0.03333333333333333 0.03940886699507389
0 0.8583333333333333 0.451559934318555 0.034444444444444444 0.03940886699507389
0 0.5544444444444444 0.7816091954022989 0.02666666666666667 0.0361247947454844
0 0.6555555555555556 0.8661740558292282 0.03333333333333333 0.03776683087027915
0 0.8572222222222222 0.32922824302134646 0.03 0.041050903119868636
0 0.86 0.6568144499178982 0.03333333333333333 0.0361247947454844
0 0.5533333333333333 0.9113300492610837 0.03333333333333333 0.03940886699507389
0 0.8577777777777778 0.37192118226600984 0.03111111111111111 0.041050903119868636
0 0.7061111111111111 0.8234811165845649 0.03222222222222222 0.034482758620689655
0 0.7055555555555556 0.535303776683087 0.03333333333333333 0.042692939244663386
0 0.6033333333333334 0.33169129720853857 0.03333333333333333 0.042692939244663386
0 0.4494444444444444 0.41379310344827586 0.034444444444444444 0.042692939244663386
0 0.5538888888888889 0.4967159277504105 0.03222222222222222 0.041050903119868636
0 0.5033333333333333 0.31444991789819376 0.04 0.03776683087027915
0 0.5022222222222222 0.1781609195402299 0.04 0.03776683087027915
0 0.5027777777777778 0.21018062397372742 0.04111111111111111 0.029556650246305417
0 0.5027777777777778 0.1444991789819376 0.04111111111111111 0.03284072249589491
0 0.5033333333333333 0.3768472906403941 0.042222222222222223 0.031198686371100164
0 0.2561111111111111 0.8669950738916257 0.021111111111111112 0.014778325123152709
0 0.45055555555555554 0.4942528735632184 0.03222222222222222 0.03940886699507389
0 0.19111111111111112 0.8251231527093597 0.03333333333333333 0.04433497536945813
0 0.45 0.4548440065681445 0.03333333333333333 0.03940886699507389
0 0.6038888888888889 0.45320197044334976 0.034444444444444444 0.042692939244663386
0 0.5538888888888889 0.45648604269293924 0.03222222222222222 0.03940886699507389
0 0.6544444444444445 0.2914614121510673 0.03333333333333333 0.04433497536945813
0 0.2427777777777778 0.41379310344827586 0.03222222222222222 0.042692939244663386
0 0.19055555555555556 0.2881773399014778 0.034444444444444444 0.04433497536945813
0 0.3977777777777778 0.4942528735632184 0.03333333333333333 0.042692939244663386
0 0.3466666666666667 0.33169129720853857 0.03333333333333333 0.04597701149425287
0 0.6038888888888889 0.2889983579638752 0.03222222222222222 0.042692939244663386
0 0.13944444444444445 0.4548440065681445 0.03222222222222222 0.042692939244663386
0 0.6561111111111111 0.6995073891625616 0.034444444444444444 0.042692939244663386
0 0.24333333333333335 0.4942528735632184 0.03333333333333333 0.042692939244663386
0 0.45111111111111113 0.20279146141215107 0.03333333333333333 0.047619047619047616
0 0.1411111111111111 0.2889983579638752 0.03333333333333333 0.04597701149425287
0 0.6538888888888889 0.24794745484400657 0.034444444444444444 0.042692939244663386
0 0.45055555555555554 0.29064039408866993 0.03222222222222222 0.03940886699507389
0 0.6038888888888889 0.49507389162561577 0.03222222222222222 0.041050903119868636
0 0.655 0.5788177339901478 0.03222222222222222 0.041050903119868636
0 0.6027777777777777 0.37438423645320196 0.03222222222222222 0.03940886699507389
0 0.5538888888888889 0.4154351395730706 0.03222222222222222 0.03940886699507389
0 0.29388888888888887 0.7413793103448276 0.034444444444444444 0.041050903119868636
0 0.14055555555555554 0.5369458128078818 0.034444444444444444 0.042692939244663386
0 0.45111111111111113 0.24876847290640394 0.03111111111111111 0.041050903119868636
0 0.5533333333333333 0.5410509031198686 0.03111111111111111 0.047619047619047616
0 0.24166666666666667 0.28653530377668307 0.034444444444444444 0.047619047619047616
0 0.3983333333333333 0.4540229885057471 0.03222222222222222 0.041050903119868636
0 0.3988888888888889 0.4121510673234811 0.03333333333333333 0.042692939244663386
0 0.6038888888888889 0.6600985221674877 0.03222222222222222 0.042692939244663386
0 0.5538888888888889 0.6174055829228243 0.034444444444444444 0.042692939244663386
0 0.19111111111111112 0.535303776683087 0.03333333333333333 0.042692939244663386
0 0.08944444444444444 0.5763546798029556 0.034444444444444444 0.042692939244663386
0 0.6555555555555556 0.6592775041050903 0.03333333333333333 0.041050903119868636
0 0.1922222222222222 0.7405582922824302 0.03333333333333333 0.03940886699507389
0 0.08833333333333333 0.6576354679802956 0.034444444444444444 0.04433497536945813
0 0.7561111111111111 0.20525451559934318 0.034444444444444444 0.03940886699507389
0 0.45 0.33169129720853857 0.028888888888888888 0.03940886699507389
0 0.6544444444444445 0.3727422003284072 0.03333333333333333 0.042692939244663386
0 0.5022222222222222 0.4490968801313629 0.04 0.041050903119868636
0 0.19166666666666668 0.909688013136289 0.034444444444444444 0.042692939244663386
0 0.13944444444444445 0.8234811165845649 0.03666666666666667 0.03776683087027915
0 0.08833333333333333 0.6157635467980296 0.034444444444444444 0.03940886699507389
0 0.6561111111111111 0.8243021346469622 0.034444444444444444 0.04597701149425287
0 0.3983333333333333 0.6174055829228243 0.034444444444444444 0.04597701149425287
0 0.705 0.28981937602627256 0.034444444444444444 0.041050903119868636
0 0.295 0.3727422003284072 0.034444444444444444 0.0361247947454844
0 0.19111111111111112 0.3308702791461412 0.03333333333333333 0.041050903119868636
0 0.655 0.6198686371100164 0.03222222222222222 0.041050903119868636
0 0.24222222222222223 0.33251231527093594 0.03333333333333333 0.041050903119868636
0 0.6044444444444445 0.6174055829228243 0.03111111111111111 0.03940886699507389
0 0.2427777777777778 0.7413793103448276 0.03 0.041050903119868636
0 0.08777777777777777 0.8251231527093597 0.035555555555555556 0.041050903119868636
0 0.7577777777777778 0.6986863711001642 0.035555555555555556 0.041050903119868636
0 0.3977777777777778 0.5369458128078818 0.03333333333333333 0.042692939244663386
0 0.5533333333333333 0.867816091954023 0.03333333333333333 0.04433497536945813
0 0.6538888888888889 0.41379310344827586 0.03222222222222222 0.03940886699507389
0 0.7572222222222222 0.49589490968801314 0.034444444444444444 0.042692939244663386
0 0.19111111111111112 0.49589490968801314 0.03111111111111111 0.0361247947454844
0 0.6544444444444445 0.3333333333333333 0.03333333333333333 0.03940886699507389
0 0.29555555555555557 0.1592775041050903 0.03333333333333333 0.04597701149425287
0 0.13944444444444445 0.8645320197044335 0.03666666666666667 0.04433497536945813
0 0.08833333333333333 0.4129720853858785 0.03222222222222222 0.03776683087027915
0 0.8577777777777778 0.24548440065681446 0.03333333333333333 0.04433497536945813
0 0.3983333333333333 0.5747126436781609 0.03222222222222222 0.0361247947454844
0 0.6544444444444445 0.4942528735632184 0.03111111111111111 0.03940886699507389
0 0.7583333333333333 0.7413793103448276 0.034444444444444444 0.041050903119868636
0 0.7572222222222222 0.45320197044334976 0.03222222222222222 0.03940886699507389
0 0.24222222222222223 0.5747126436781609 0.03111111111111111 0.0361247947454844
0 0.6038888888888889 0.7430213464696224 0.03 0.041050903119868636
0 0.6538888888888889 0.45320197044334976 0.03222222222222222 0.03940886699507389
0 0.29444444444444445 0.5779967159277504 0.03333333333333333 0.03940886699507389
0 0.19166666666666668 0.6157635467980296 0.03222222222222222 0.03940886699507389
0 0.86 0.6978653530377669 0.035555555555555556 0.04597701149425287
0 0.7577777777777778 0.6584564860426929 0.03333333333333333 0.03940886699507389
0 0.08888888888888889 0.45320197044334976 0.03333333333333333 0.03940886699507389
0 0.7072222222222222 0.9080459770114943 0.03666666666666667 0.042692939244663386
0 0.9111111111111111 0.29064039408866993 0.035555555555555556 0.04597701149425287
0 0.5533333333333333 0.6568144499178982 0.03333333333333333 0.0361247947454844
0 0.6038888888888889 0.8645320197044335 0.034444444444444444 0.04433497536945813
0 0.5027777777777778 0.34893267651888343 0.04111111111111111 0.031198686371100164
0 0.23 0.8653530377668309 0.02 0.022988505747126436
0 0.705 0.33169129720853857 0.03222222222222222 0.042692939244663386
0 0.5138888888888888 0.7446633825944171 0.021111111111111112 0.027914614121510674
0 0.3983333333333333 0.33251231527093594 0.03222222222222222 0.041050903119868636
0 0.5016666666666667 0.4876847290640394 0.03888888888888889 0.03284072249589491
0 0.5533333333333333 0.5804597701149425 0.03333333333333333 0.024630541871921183
0 0.3972222222222222 0.6986863711001642 0.03222222222222222 0.041050903119868636
0 0.8572222222222222 0.4121510673234811 0.03 0.0361247947454844
0 0.3983333333333333 0.9080459770114943 0.034444444444444444 0.042692939244663386
0 0.7594444444444445 0.8243021346469622 0.034444444444444444 0.03284072249589491
0 0.24333333333333335 0.9105090311986864 0.03777777777777778 0.054187192118226604
0 0.24222222222222223 0.6584564860426929 0.03333333333333333 0.042692939244663386
0 0.295 0.2889983579638752 0.034444444444444444 0.03940886699507389
0 0.295 0.4548440065681445 0.03222222222222222 0.042692939244663386
0 0.8083333333333333 0.37192118226600984 0.03222222222222222 0.041050903119868636
0 0.14 0.6165845648604269 0.03333333333333333 0.04433497536945813
0 0.19055555555555556 0.6995073891625616 0.03222222222222222 0.03940886699507389
0 0.5533333333333333 0.6978653530377669 0.03333333333333333 0.042692939244663386
0 0.7561111111111111 0.37192118226600984 0.034444444444444444 0.041050903119868636
0 0.29444444444444445 0.4129720853858785 0.03333333333333333 0.041050903119868636
0 0.13944444444444445 0.6995073891625616 0.034444444444444444 0.042692939244663386
0 0.5538888888888889 0.8234811165845649 0.034444444444444444 0.04433497536945813
0 0.7066666666666667 0.6970443349753694 0.03333333333333333 0.04433497536945813
0 0.4 0.1568144499178982 0.03333333333333333 0.04433497536945813
0 0.6033333333333334 0.4129720853858785 0.03333333333333333 0.03776683087027915
0 0.6561111111111111 0.7824302134646962 0.034444444444444444 0.041050903119868636
0 0.14 0.49589490968801314 0.03333333333333333 0.03940886699507389
0 0.5527777777777778 0.2044334975369458 0.03222222222222222 0.04433497536945813
0 0.14 0.37192118226600984 0.03333333333333333 0.041050903119868636
0 0.6044444444444445 0.535303776683087 0.03333333333333333 0.042692939244663386
0 0.6044444444444445 0.5779967159277504 0.03111111111111111 0.03940886699507389
0 0.08944444444444444 0.28735632183908044 0.034444444444444444 0.04597701149425287
0 0.7566666666666667 0.4129720853858785 0.03333333333333333 0.041050903119868636
0 0.29444444444444445 0.8243021346469622 0.03333333333333333 0.042692939244663386
0 0.295 0.6576354679802956 0.034444444444444444 0.041050903119868636
0 0.13944444444444445 0.7832512315270936 0.03666666666666667 0.042692939244663386
0 0.19166666666666668 0.7807881773399015 0.034444444444444444 0.041050903119868636
0 0.6538888888888889 0.15845648604269294 0.03222222222222222 0.04433497536945813
0 0.295 0.24630541871921183 0.034444444444444444 0.042692939244663386
0 0.655 0.5361247947454844 0.03222222222222222 0.04433497536945813
0 0.2427777777777778 0.45320197044334976 0.03222222222222222 0.03940886699507389
0 0.29333333333333333 0.7824302134646962 0.03333333333333333 0.041050903119868636
0 0.7055555555555556 0.15845648604269294 0.03333333333333333 0.047619047619047616
0 0.6527777777777778 0.2044334975369458 0.03222222222222222 0.04433497536945813
0 0.2427777777777778 0.3727422003284072 0.03222222222222222 0.03940886699507389
0 0.7555555555555555 0.1592775041050903 0.03333333333333333 0.04597701149425287
0 0.7072222222222222 0.7405582922824302 0.034444444444444444 0.042692939244663386
0 0.7555555555555555 0.24630541871921183 0.03333333333333333 0.042692939244663386
0 0.3466666666666667 0.28735632183908044 0.03111111111111111 0.042692939244663386
0 0.4494444444444444 0.37192118226600984 0.03 0.03776683087027915
0 0.39944444444444444 0.29064039408866993 0.03222222222222222 0.03940886699507389
0 0.24222222222222223 0.7003284072249589 0.03333333333333333 0.041050903119868636
0 0.7561111111111111 0.29064039408866993 0.03222222222222222 0.042692939244663386
0 0.3988888888888889 0.24548440065681446 0.03333333333333333 0.047619047619047616
0 0.5538888888888889 0.37438423645320196 0.03222222222222222 0.042692939244663386
0 0.08833333333333333 0.4975369458128079 0.034444444444444444 0.042692939244663386
0 0.5533333333333333 0.2922824302134647 0.03111111111111111 0.03940886699507389
0 0.705 0.24630541871921183 0.034444444444444444 0.042692939244663386
0 0.24222222222222223 0.6157635467980296 0.03333333333333333 0.042692939244663386
0 0.08888888888888889 0.784072249589491 0.035555555555555556 0.041050903119868636
0 0.5527777777777778 0.24876847290640394 0.03222222222222222 0.041050903119868636
0 0.4488888888888889 0.5361247947454844 0.03333333333333333 0.04433497536945813
0 0.08833333333333333 0.3727422003284072 0.034444444444444444 0.03940886699507389
0 0.5527777777777778 0.15845648604269294 0.03222222222222222 0.04433497536945813
0 0.14 0.4129720853858785 0.03333333333333333 0.041050903119868636
0 0.14055555555555554 0.33251231527093594 0.034444444444444444 0.041050903119868636
0 0.19166666666666668 0.6584564860426929 0.03222222222222222 0.042692939244663386
0 0.1922222222222222 0.37192118226600984 0.03333333333333333 0.041050903119868636
0 0.1922222222222222 0.5747126436781609 0.03333333333333333 0.03940886699507389
0 0.3983333333333333 0.37192118226600984 0.03222222222222222 0.03776683087027915
0 0.8577777777777778 0.15845648604269294 0.03333333333333333 0.047619047619047616
0 0.24222222222222223 0.5361247947454844 0.03111111111111111 0.041050903119868636
0 0.6555555555555556 0.7422003284072249 0.03333333333333333 0.03940886699507389
0 0.5527777777777778 0.33251231527093594 0.03222222222222222 0.041050903119868636
0 0.19166666666666668 0.45320197044334976 0.034444444444444444 0.042692939244663386