0 0.08833333333333333 0.33031301482701814 0.034444444444444444 0.02471169686985173
0 0.5033333333333333 0.35502471169686983 0.042222222222222223 0.044481054365733116
0 0.5033333333333333 0.3731466227347611 0.042222222222222223 0.044481054365733116
0 0.3972222222222222 0.49835255354200986 0.034444444444444444 0.04118616144975288
0 0.5022222222222222 0.2784184514003295 0.044444444444444446 0.032948929159802305
0 0.29444444444444445 0.33031301482701814 0.03333333333333333 0.03459637561779242
0 0.5016666666666667 0.17792421746293247 0.043333333333333335 0.039538714991762765
0 0.5016666666666667 0.1441515650741351 0.04777777777777778 0.03459637561779242
0 0.5022222222222222 0.21087314662273476 0.044444444444444446 0.029654036243822075
0 0.3983333333333333 0.3344316309719934 0.034444444444444444 0.04612850082372323
0 0.3977777777777778 0.37644151565074135 0.03333333333333333 0.04118616144975288
0 0.3477777777777778 0.8739703459637562 0.03333333333333333 0.04118616144975288
0 0.3472222222222222 0.9168039538714992 0.03666666666666667 0.044481054365733116
0 0.9144444444444444 0.9176276771004942 0.035555555555555556 0.04612850082372323
0 0.3983333333333333 0.4184514003294893 0.034444444444444444 0.042833607907743
0 0.6044444444444445 0.8772652388797364 0.035555555555555556 0.044481054365733116
0 0.9138888888888889 0.8739703459637562 0.03666666666666667 0.044481054365733116
0 0.705 0.33607907742998355 0.03222222222222222 0.039538714991762765
0 0.08722222222222223 0.5444810543657331 0.03666666666666667 0.04118616144975288
0 0.9133333333333333 0.7479406919275123 0.03333333333333333 0.036243822075782535
0 0.8611111111111112 0.8739703459637562 0.03111111111111111 0.04118616144975288
0 0.19166666666666668 0.33031301482701814 0.034444444444444444 0.03789126853377265
0 0.6033333333333334 0.5024711696869851 0.03333333333333333 0.04612850082372323
0 0.6038888888888889 0.9192751235584844 0.034444444444444444 0.039538714991762765
0 0.5011111111111111 0.24546952224052718 0.04666666666666667 0.039538714991762765
0 0.8616666666666667 0.9176276771004942 0.034444444444444444 0.04612850082372323
0 0.3983333333333333 0.24958813838550248 0.034444444444444444 0.044481054365733116
0 0.6027777777777777 0.25123558484349257 0.034444444444444444 0.044481054365733116
0 0.45166666666666666 0.2907742998352554 0.03222222222222222 0.04118616144975288
0 0.6038888888888889 0.8327841845140033 0.034444444444444444 0.044481054365733116
0 0.08944444444444444 0.20510708401976935 0.03666666666666667 0.047775947281713346
0 0.7055555555555556 0.15980230642504117 0.035555555555555556 0.04942339373970346
0 0.8611111111111112 0.5815485996705108 0.03333333333333333 0.039538714991762765
0 0.3472222222222222 0.7067545304777595 0.03 0.039538714991762765
0 0.3466666666666667 0.4159802306425041 0.035555555555555556 0.044481054365733116
0 0.45 0.4596375617792422 0.035555555555555556 0.042833607907743
0 0.3466666666666667 0.5815485996705108 0.035555555555555556 0.042833607907743
0 0.19166666666666668 0.4588138385502471 0.034444444444444444 0.047775947281713346
0 0.24222222222222223 0.37397034596375617 0.03333333333333333 0.042833607907743
0 0.24333333333333335 0.2471169686985173 0.03333333333333333 0.04612850082372323
0 0.4488888888888889 0.6235584843492586 0.03777777777777778 0.047775947281713346
0 0.3977777777777778 0.5411861614497528 0.03333333333333333 0.04118616144975288
0 0.3472222222222222 0.7487644151565074 0.034444444444444444 0.044481054365733116
0 0.6038888888888889 0.41927512355848434 0.034444444444444444 0.04118616144975288
0 0.6533333333333333 0.20922570016474465 0.035555555555555556 0.042833607907743
0 0.9111111111111111 0.15815485996705106 0.035555555555555556 0.04612850082372323
0 0.3461111111111111 0.4588138385502471 0.03222222222222222 0.04118616144975288
0 0.8072222222222222 0.2042833607907743 0.034444444444444444 0.05271828665568369
0 0.7561111111111111 0.15733113673805602 0.034444444444444444 0.051070840197693576
0 0.4488888888888889 0.5807248764415156 0.03333333333333333 0.03789126853377265
0 0.2427777777777778 0.15897858319604613 0.034444444444444444 0.047775947281713346
0 0.9116666666666666 0.5387149917627677 0.034444444444444444 0.042833607907743
0 0.3466666666666667 0.2899505766062603 0.03333333333333333 0.039538714991762765
0 0.5144444444444445 0.728995057660626 0.024444444444444446 0.016474464579901153
0 0.5016666666666667 0.49341021416803954 0.03666666666666667 0.0214168039538715
0 0.6016666666666667 0.21334431630971992 0.03 0.02800658978583196
0 0.655 0.49917627677100496 0.034444444444444444 0.042833607907743
0 0.515 0.7594728171334432 0.01888888888888889 0.014827018121911038
0 0.515 0.742998352553542 0.01888888888888889 0.016474464579901153
0 0.9127777777777778 0.6663920922570017 0.03666666666666667 0.044481054365733116
0 0.655 0.4184514003294893 0.034444444444444444 0.04612850082372323
0 0.9116666666666666 0.45799011532125206 0.03222222222222222 0.042833607907743
0 0.6538888888888889 0.25123558484349257 0.034444444444444444 0.04118616144975288
0 0.8611111111111112 0.6663920922570017 0.035555555555555556 0.044481054365733116
0 0.3977777777777778 0.20593080724876442 0.035555555555555556 0.042833607907743
0 0.8594444444444445 0.24794069192751236 0.034444444444444444 0.04118616144975288
0 0.9116666666666666 0.33278418451400327 0.034444444444444444 0.04612850082372323
0 0.2427777777777778 0.3319604612850082 0.03 0.04118616144975288
0 0.6555555555555556 0.8319604612850082 0.035555555555555556 0.042833607907743
0 0.08777777777777777 0.4184514003294893 0.03333333333333333 0.042833607907743
0 0.3472222222222222 0.5395387149917628 0.03222222222222222 0.04118616144975288
0 0.5016666666666667 0.45222405271828664 0.04111111111111111 0.044481054365733116
0 0.7038888888888889 0.24958813838550248 0.03222222222222222 0.044481054365733116
0 0.45 0.37397034596375617 0.03333333333333333 0.042833607907743
0 0.34833333333333333 0.1556836902800659 0.034444444444444444 0.047775947281713346
0 0.9111111111111111 0.2907742998352554 0.03333333333333333 0.04118616144975288
0 0.45055555555555554 0.2471169686985173 0.03222222222222222 0.042833607907743
0 0.45 0.5016474464579901 0.03333333333333333 0.04118616144975288
0 0.7055555555555556 0.2940691927512356 0.03333333333333333 0.044481054365733116
0 0.19055555555555556 0.4159802306425041 0.034444444444444444 0.04118616144975288
0 0.8594444444444445 0.4975288303130148 0.03222222222222222 0.039538714991762765
0 0.3466666666666667 0.37397034596375617 0.03111111111111111 0.039538714991762765
0 0.34833333333333333 0.20510708401976935 0.034444444444444444 0.047775947281713346
0 0.8622222222222222 0.7907742998352554 0.035555555555555556 0.042833607907743
0 0.45 0.3319604612850082 0.03333333333333333 0.04118616144975288
0 0.6544444444444445 0.37397034596375617 0.035555555555555556 0.042833607907743
0 0.6544444444444445 0.7075782537067545 0.035555555555555556 0.04118616144975288
0 0.705 0.20675453047775946 0.03222222222222222 0.04118616144975288
0 0.24222222222222223 0.20345963756177923 0.03333333333333333 0.04118616144975288
0 0.8611111111111112 0.5395387149917628 0.03333333333333333 0.044481054365733116
0 0.6044444444444445 0.7075782537067545 0.03333333333333333 0.044481054365733116
0 0.6027777777777777 0.29489291598023065 0.03222222222222222 0.039538714991762765
0 0.6038888888888889 0.5444810543657331 0.03222222222222222 0.03789126853377265
0 0.9116666666666666 0.4159802306425041 0.03222222222222222 0.03789126853377265
0 0.9111111111111111 0.20345963756177923 0.03333333333333333 0.044481054365733116
0 0.6538888888888889 0.3319604612850082 0.034444444444444444 0.04118616144975288
0 0.2427777777777778 0.41762767710049425 0.034444444444444444 0.044481054365733116
0 0.6544444444444445 0.4612850082372323 0.035555555555555556 0.039538714991762765
0 0.655 0.5831960461285008 0.034444444444444444 0.042833607907743
0 0.1922222222222222 0.29242174629324547 0.03333333333333333 0.03789126853377265
0 0.8588888888888889 0.33360790774299837 0.035555555555555556 0.04118616144975288
0 0.3977777777777778 0.5815485996705108 0.03333333333333333 0.039538714991762765
0 0.3988888888888889 0.15815485996705106 0.035555555555555556 0.04942339373970346
0 0.9138888888888889 0.8319604612850082 0.03666666666666667 0.042833607907743
0 0.655 0.7883031301482701 0.03666666666666667 0.04118616144975288
0 0.3466666666666667 0.8327841845140033 0.035555555555555556 0.044481054365733116
0 0.4494444444444444 0.5420098846787479 0.03 0.039538714991762765
0 0.08777777777777777 0.49917627677100496 0.035555555555555556 0.042833607907743
0 0.6544444444444445 0.627677100494234 0.035555555555555556 0.039538714991762765
0 0.86 0.4159802306425041 0.03333333333333333 0.03789126853377265
0 0.19111111111111112 0.15897858319604613 0.03333333333333333 0.044481054365733116
0 0.6527777777777778 0.29242174629324547 0.034444444444444444 0.03789126853377265
0 0.9122222222222223 0.5807248764415156 0.03333333333333333 0.04118616144975288
0 0.14055555555555554 0.20510708401976935 0.034444444444444444 0.047775947281713346
0 0.8622222222222222 0.8336079077429983 0.035555555555555556 0.039538714991762765
0 0.9133333333333333 0.7092257001647446 0.035555555555555556 0.04118616144975288
0 0.9133333333333333 0.7874794069192751 0.035555555555555556 0.042833607907743
0 0.3466666666666667 0.7907742998352554 0.035555555555555556 0.039538714991762765
0 0.6511111111111111 0.1630971993410214 0.035555555555555556 0.04612850082372323
0 0.08833333333333333 0.25123558484349257 0.034444444444444444 0.04118616144975288
0 0.5527777777777778 0.20675453047775946 0.03222222222222222 0.03789126853377265
0 0.9111111111111111 0.6227347611202636 0.03333333333333333 0.042833607907743
0 0.8622222222222222 0.7487644151565074 0.03333333333333333 0.04118616144975288
0 0.34833333333333333 0.2487644151565074 0.03222222222222222 0.039538714991762765
0 0.6038888888888889 0.7899505766062603 0.034444444444444444 0.044481054365733116
0 0.8611111111111112 0.7092257001647446 0.03333333333333333 0.04118616144975288
0 0.655 0.6663920922570017 0.03666666666666667 0.04118616144975288
0 0.295 0.3723228995057661 0.034444444444444444 0.04942339373970346
0 0.14 0.25123558484349257 0.035555555555555556 0.044481054365733116
0 0.29333333333333333 0.4588138385502471 0.03111111111111111 0.047775947281713346
0 0.6544444444444445 0.7479406919275123 0.035555555555555556 0.039538714991762765
0 0.3977777777777778 0.4588138385502471 0.03111111111111111 0.03789126853377265
0 0.3466666666666667 0.6663920922570017 0.03111111111111111 0.03789126853377265
0 0.295 0.41515650741350907 0.034444444444444444 0.036243822075782535
0 0.8616666666666667 0.6235584843492586 0.034444444444444444 0.04118616144975288
0 0.08777777777777777 0.2940691927512356 0.03777777777777778 0.044481054365733116
0 0.9116666666666666 0.49917627677100496 0.03222222222222222 0.036243822075782535
0 0.3977777777777778 0.2932454695222405 0.03333333333333333 0.039538714991762765
0 0.6038888888888889 0.6672158154859967 0.034444444444444444 0.039538714991762765
0 0.08777777777777777 0.37397034596375617 0.03111111111111111 0.04612850082372323
0 0.08777777777777777 0.4588138385502471 0.03333333333333333 0.03789126853377265
0 0.6038888888888889 0.7487644151565074 0.03666666666666667 0.04118616144975288
0 0.5027777777777778 0.31219110378912684 0.043333333333333335 0.04118616144975288
0 0.45 0.15733113673805602 0.035555555555555556 0.047775947281713346
0 0.86 0.2915980230642504 0.035555555555555556 0.04612850082372323
0 0.45055555555555554 0.20345963756177923 0.03666666666666667 0.044481054365733116
0 0.6033333333333334 0.3772652388797364 0.03333333333333333 0.042833607907743
0 0.3972222222222222 0.6252059308072487 0.034444444444444444 0.044481054365733116
0 0.5538888888888889 0.29242174629324547 0.03222222222222222 0.044481054365733116
0 0.6011111111111112 0.1696869851729819 0.035555555555555556 0.05601317957166392
0 0.7566666666666667 0.24958813838550248 0.035555555555555556 0.044481054365733116
0 0.19166666666666668 0.20593080724876442 0.034444444444444444 0.04612850082372323
0 0.45 0.4159802306425041 0.035555555555555556 0.04118616144975288
0 0.9116666666666666 0.3756177924217463 0.034444444444444444 0.042833607907743
0 0.19166666666666668 0.2504118616144975 0.034444444444444444 0.04612850082372323
0 0.655 0.5420098846787479 0.034444444444444444 0.042833607907743
0 0.2427777777777778 0.2907742998352554 0.03222222222222222 0.04118616144975288
0 0.86 0.45634266886326197 0.03333333333333333 0.042833607907743
0 0.3466666666666667 0.6252059308072487 0.035555555555555556 0.044481054365733116
0 0.08888888888888889 0.15733113673805602 0.035555555555555556 0.047775947281713346
0 0.86 0.2026359143327842 0.035555555555555556 0.04612850082372323
0 0.9111111111111111 0.24794069192751236 0.035555555555555556 0.044481054365733116
0 0.19055555555555556 0.3731466227347611 0.034444444444444444 0.044481054365733116
0 0.86 0.3747940691927512 0.035555555555555556 0.044481054365733116
0 0.14055555555555554 0.15897858319604613 0.03666666666666667 0.047775947281713346
0 0.5522222222222222 0.24794069192751236 0.03111111111111111 0.044481054365733116
0 0.7566666666666667 0.20593080724876442 0.035555555555555556 0.042833607907743
0 0.3466666666666667 0.3311367380560132 0.03111111111111111 0.042833607907743
0 0.29444444444444445 0.28747940691927515 0.03333333333333333 0.047775947281713346
0 0.19166666666666668 0.5032948929159803 0.034444444444444444 0.044481054365733116
0 0.6033333333333334 0.4588138385502471 0.03333333333333333 0.03789126853377265
0 0.7572222222222222 0.2940691927512356 0.034444444444444444 0.047775947281713346
0 0.6038888888888889 0.5831960461285008 0.034444444444444444 0.042833607907743
0 0.6044444444444445 0.6260296540362438 0.03333333333333333 0.042833607907743
0 0.6033333333333334 0.3344316309719934 0.03333333333333333 0.042833607907743
0 0.3472222222222222 0.49917627677100496 0.034444444444444444 0.039538714991762765