0 0.454 0.8868217054263566 0.036 0.021705426356589147
0 0.494 0.4007751937984496 0.028 0.017054263565891473
0 0.644 0.24883720930232558 0.034666666666666665 0.02945736434108527
0 0.49866666666666665 0.7751937984496124 0.018666666666666668 0.021705426356589147
0 0.644 0.27906976744186046 0.034666666666666665 0.034108527131782945
0 0.808 0.3147286821705426 0.037333333333333336 0.034108527131782945
0 0.8646666666666667 0.5286821705426357 0.036 0.034108527131782945
0 0.8653333333333333 0.31705426356589145 0.037333333333333336 0.03875968992248062
0 0.5013333333333333 0.5550387596899224 0.024 0.031007751937984496
0 0.502 0.586046511627907 0.02266666666666667 0.027906976744186046
0 0.864 0.24263565891472869 0.034666666666666665 0.03565891472868217
0 0.864 0.4232558139534884 0.034666666666666665 0.034108527131782945
0 0.814 0.8852713178294573 0.03866666666666667 0.031007751937984496
0 0.494 0.2302325581395349 0.03333333333333333 0.02945736434108527
0 0.814 0.8511627906976744 0.036 0.031007751937984496
0 0.76 0.7930232558139535 0.037333333333333336 0.03565891472868217
0 0.808 0.2434108527131783 0.034666666666666665 0.037209302325581395
0 0.8626666666666667 0.2062015503875969 0.037333333333333336 0.037209302325581395
0 0.6446666666666667 0.20930232558139536 0.03866666666666667 0.043410852713178294
0 0.7606666666666667 0.7612403100775194 0.03866666666666667 0.031007751937984496
0 0.5886666666666667 0.3124031007751938 0.036 0.03565891472868217
0 0.8633333333333333 0.4945736434108527 0.036 0.034108527131782945
0 0.49333333333333335 0.29844961240310075 0.029333333333333333 0.02945736434108527
0 0.8473333333333334 0.6015503875968993 0.025333333333333333 0.031007751937984496
0 0.8753333333333333 0.6713178294573643 0.030666666666666665 0.034108527131782945
0 0.49533333333333335 0.20232558139534884 0.030666666666666665 0.02945736434108527
0 0.6433333333333333 0.6705426356589147 0.036 0.03255813953488372
0 0.6446666666666667 0.7790697674418605 0.036 0.03255813953488372
0 0.8746666666666667 0.6007751937984496 0.032 0.03255813953488372
0 0.8633333333333333 0.3511627906976744 0.036 0.03255813953488372
0 0.6986666666666667 0.35038759689922483 0.034666666666666665 0.027906976744186046
0 0.5366666666666666 0.3147286821705426 0.030666666666666665 0.034108527131782945
0 0.864 0.3868217054263566 0.037333333333333336 0.03565891472868217
0 0.5366666666666666 0.8883720930232558 0.03333333333333333 0.037209302325581395
0 0.4013333333333333 0.8875968992248062 0.034666666666666665 0.03255813953488372
0 0.6453333333333333 0.8503875968992248 0.037333333333333336 0.03565891472868217
0 0.646 0.8852713178294573 0.03866666666666667 0.031007751937984496
0 0.3433333333333333 0.851937984496124 0.036 0.03565891472868217
0 0.452 0.8162790697674419 0.034666666666666665 0.03565891472868217
0 0.494 0.2651162790697674 0.03333333333333333 0.034108527131782945
0 0.6446666666666667 0.813953488372093 0.03866666666666667 0.037209302325581395
0 0.8473333333333334 0.6744186046511628 0.025333333333333333 0.034108527131782945
0 0.812 0.7426356589147287 0.04 0.037209302325581395
0 0.7593333333333333 0.8271317829457364 0.03866666666666667 0.03255813953488372
0 0.8086666666666666 0.2054263565891473 0.036 0.03565891472868217
0 0.5366666666666666 0.851937984496124 0.03866666666666667 0.03875968992248062
0 0.6433333333333333 0.7062015503875969 0.036 0.03565891472868217
0 0.4533333333333333 0.8527131782945736 0.037333333333333336 0.037209302325581395
0 0.232 0.889922480620155 0.037333333333333336 0.034108527131782945
0 0.17733333333333334 0.8914728682170543 0.037333333333333336 0.037209302325581395
0 0.698 0.2062015503875969 0.036 0.037209302325581395
0 0.808 0.35038759689922483 0.037333333333333336 0.037209302325581395
0 0.8126666666666666 0.8162790697674419 0.03866666666666667 0.03565891472868217
0 0.81 0.5984496124031008 0.03866666666666667 0.027906976744186046
0 0.7586666666666667 0.6581395348837209 0.037333333333333336 0.03255813953488372
0 0.5366666666666666 0.2062015503875969 0.03333333333333333 0.037209302325581395
0 0.8066666666666666 0.42403100775193797 0.04 0.03565891472868217
0 0.17466666666666666 0.7108527131782946 0.037333333333333336 0.03255813953488372
0 0.644 0.4937984496124031 0.034666666666666665 0.03255813953488372
0 0.5366666666666666 0.8155038759689922 0.036 0.034108527131782945
0 0.808 0.27984496124031005 0.034666666666666665 0.03565891472868217
0 0.3433333333333333 0.7108527131782946 0.03866666666666667 0.04186046511627907
0 0.7593333333333333 0.7263565891472868 0.03866666666666667 0.03565891472868217
0 0.6986666666666667 0.4627906976744186 0.037333333333333336 0.04186046511627907
0 0.6433333333333333 0.5635658914728682 0.036 0.02945736434108527
0 0.8106666666666666 0.672093023255814 0.04 0.03875968992248062
0 0.45066666666666666 0.3147286821705426 0.034666666666666665 0.040310077519379844
0 0.11733333333333333 0.42403100775193797 0.04 0.04186046511627907
0 0.8133333333333334 0.7782945736434108 0.04 0.037209302325581395
0 0.4513333333333333 0.46124031007751937 0.03333333333333333 0.03565891472868217
0 0.536 0.2806201550387597 0.032 0.037209302325581395
0 0.8633333333333333 0.27984496124031005 0.03866666666666667 0.03565891472868217
0 0.4 0.8162790697674419 0.034666666666666665 0.03255813953488372
0 0.232 0.8186046511627907 0.034666666666666665 0.034108527131782945
0 0.808 0.386046511627907 0.037333333333333336 0.034108527131782945
0 0.17466666666666666 0.4565891472868217 0.032 0.03565891472868217
0 0.5366666666666666 0.7790697674418605 0.036 0.03565891472868217
0 0.8093333333333333 0.5643410852713179 0.04 0.034108527131782945
0 0.8646666666666667 0.5643410852713179 0.03866666666666667 0.034108527131782945
0 0.176 0.8178294573643411 0.042666666666666665 0.03565891472868217
0 0.344 0.8186046511627907 0.037333333333333336 0.037209302325581395
0 0.7546666666666667 0.562015503875969 0.04 0.02945736434108527
0 0.876 0.7077519379844961 0.034666666666666665 0.03565891472868217
0 0.17466666666666666 0.6046511627906976 0.037333333333333336 0.034108527131782945
0 0.17533333333333334 0.8542635658914729 0.03866666666666667 0.034108527131782945
0 0.176 0.7813953488372093 0.04 0.037209302325581395
0 0.644 0.31627906976744186 0.037333333333333336 0.034108527131782945
0 0.4513333333333333 0.4232558139534884 0.036 0.037209302325581395
0 0.536 0.2434108527131783 0.034666666666666665 0.034108527131782945
0 0.536 0.4945736434108527 0.034666666666666665 0.034108527131782945
0 0.23066666666666666 0.7829457364341085 0.037333333333333336 0.037209302325581395
0 0.28733333333333333 0.5310077519379846 0.03333333333333333 0.03255813953488372
0 0.8093333333333333 0.6325581395348837 0.037333333333333336 0.040310077519379844
0 0.17466666666666666 0.5310077519379846 0.04 0.03875968992248062
0 0.536 0.5310077519379846 0.034666666666666665 0.03565891472868217
0 0.17466666666666666 0.3511627906976744 0.04 0.03565891472868217
0 0.536 0.3488372093023256 0.032 0.034108527131782945
0 0.3993333333333333 0.7093023255813954 0.036 0.03255813953488372
0 0.3993333333333333 0.42403100775193797 0.036 0.03565891472868217
0 0.8086666666666666 0.49612403100775193 0.04133333333333333 0.037209302325581395
0 0.2866666666666667 0.7813953488372093 0.037333333333333336 0.034108527131782945
0 0.3426666666666667 0.6744186046511628 0.034666666666666665 0.034108527131782945
0 0.6433333333333333 0.3875968992248062 0.036 0.037209302325581395
0 0.28733333333333333 0.637984496124031 0.036 0.03565891472868217
0 0.39866666666666667 0.3875968992248062 0.034666666666666665 0.034108527131782945
0 0.2866666666666667 0.31317829457364343 0.04 0.040310077519379844
0 0.45066666666666666 0.3875968992248062 0.034666666666666665 0.034108527131782945
0 0.5353333333333333 0.6364341085271318 0.036 0.03875968992248062
0 0.3433333333333333 0.6046511627906976 0.036 0.037209302325581395
0 0.11666666666666667 0.3116279069767442 0.03866666666666667 0.040310077519379844
0 0.4513333333333333 0.7790697674418605 0.036 0.03565891472868217
0 0.45266666666666666 0.5286821705426357 0.036 0.037209302325581395
0 0.28733333333333333 0.6744186046511628 0.036 0.037209302325581395
0 0.344 0.7806201550387597 0.037333333333333336 0.03565891472868217
0 0.5353333333333333 0.6728682170542636 0.036 0.034108527131782945
0 0.452 0.6023255813953489 0.034666666666666665 0.03255813953488372
0 0.5353333333333333 0.3868217054263566 0.03333333333333333 0.03875968992248062
0 0.698 0.31550387596899226 0.036 0.03875968992248062
0 0.39866666666666667 0.49612403100775193 0.034666666666666665 0.034108527131782945
0 0.39866666666666667 0.6751937984496124 0.037333333333333336 0.03565891472868217
0 0.23066666666666666 0.7465116279069768 0.037333333333333336 0.03565891472868217
0 0.342 0.5310077519379846 0.03866666666666667 0.03565891472868217
0 0.23 0.6387596899224807 0.036 0.034108527131782945
0 0.2866666666666667 0.351937984496124 0.04 0.037209302325581395
0 0.23 0.35038759689922483 0.03866666666666667 0.037209302325581395
0 0.3446666666666667 0.3124031007751938 0.03866666666666667 0.04496124031007752
0 0.5366666666666666 0.7069767441860465 0.03333333333333333 0.034108527131782945
0 0.4513333333333333 0.5674418604651162 0.036 0.037209302325581395
0 0.3993333333333333 0.6395348837209303 0.036 0.03565891472868217
0 0.23 0.6751937984496124 0.03866666666666667 0.03565891472868217
0 0.344 0.3875968992248062 0.037333333333333336 0.037209302325581395
0 0.22933333333333333 0.4945736434108527 0.034666666666666665 0.037209302325581395
0 0.39866666666666667 0.4604651162790698 0.034666666666666665 0.037209302325581395
0 0.3993333333333333 0.5666666666666667 0.036 0.03565891472868217
0 0.23 0.5666666666666667 0.036 0.03565891472868217
0 0.452 0.6372093023255814 0.037333333333333336 0.037209302325581395
0 0.752 0.45891472868217054 0.04 0.034108527131782945
0 0.6433333333333333 0.5976744186046512 0.036 0.03875968992248062
0 0.4 0.7441860465116279 0.037333333333333336 0.037209302325581395
0 0.28733333333333333 0.49534883720930234 0.036 0.03565891472868217
0 0.7526666666666667 0.4248062015503876 0.03866666666666667 0.034108527131782945
0 0.7533333333333333 0.49534883720930234 0.037333333333333336 0.03565891472868217
0 0.3426666666666667 0.6403100775193798 0.034666666666666665 0.034108527131782945
0 0.342 0.5666666666666667 0.036 0.03565891472868217
0 0.6426666666666667 0.5302325581395348 0.037333333333333336 0.037209302325581395
0 0.6986666666666667 0.42248062015503873 0.037333333333333336 0.03875968992248062
0 0.3433333333333333 0.49534883720930234 0.036 0.03565891472868217
0 0.2866666666666667 0.6023255813953489 0.037333333333333336 0.03565891472868217
0 0.4 0.6023255813953489 0.037333333333333336 0.03565891472868217
0 0.7533333333333333 0.39069767441860465 0.04 0.037209302325581395
0 0.3993333333333333 0.5302325581395348 0.036 0.037209302325581395
0 0.7586666666666667 0.6271317829457365 0.037333333333333336 0.02945736434108527
0 0.40066666666666667 0.851937984496124 0.036 0.03875968992248062
0 0.23 0.3116279069767442 0.036 0.040310077519379844
0 0.7593333333333333 0.6922480620155039 0.03866666666666667 0.03565891472868217
0 0.8093333333333333 0.5302325581395348 0.037333333333333336 0.034108527131782945
0 0.5893333333333334 0.4248062015503876 0.037333333333333336 0.037209302325581395
0 0.644 0.3511627906976744 0.037333333333333336 0.03565891472868217
0 0.11733333333333333 0.38449612403100775 0.04 0.037209302325581395
0 0.7573333333333333 0.5945736434108527 0.04 0.03255813953488372
0 0.3993333333333333 0.351937984496124 0.036 0.037209302325581395
0 0.49466666666666664 0.3697674418604651 0.029333333333333333 0.03875968992248062
0 0.76 0.8891472868217054 0.04 0.03255813953488372
0 0.876 0.6364341085271318 0.02666666666666667 0.03255813953488372
0 0.17466666666666666 0.4945736434108527 0.034666666666666665 0.037209302325581395
0 0.28733333333333333 0.45968992248062013 0.036 0.03255813953488372
0 0.3433333333333333 0.4255813953488372 0.036 0.03565891472868217
0 0.17466666666666666 0.568217054263566 0.037333333333333336 0.03875968992248062
0 0.8626666666666667 0.45813953488372094 0.037333333333333336 0.03565891472868217
0 0.644 0.7441860465116279 0.037333333333333336 0.037209302325581395
0 0.176 0.7465116279069768 0.037333333333333336 0.03565891472868217
0 0.28733333333333333 0.7108527131782946 0.036 0.03565891472868217
0 0.6986666666666667 0.2441860465116279 0.034666666666666665 0.03565891472868217
0 0.452 0.4945736434108527 0.034666666666666665 0.031007751937984496
0 0.17533333333333334 0.6759689922480621 0.03866666666666667 0.037209302325581395
0 0.174 0.6387596899224807 0.03866666666666667 0.037209302325581395
0 0.536 0.45891472868217054 0.034666666666666665 0.034108527131782945
0 0.754 0.35426356589147284 0.03866666666666667 0.03255813953488372
0 0.344 0.8883720930232558 0.04 0.037209302325581395
0 0.452 0.7077519379844961 0.034666666666666665 0.03565891472868217
0 0.5373333333333333 0.4232558139534884 0.034666666666666665 0.034108527131782945
0 0.45266666666666666 0.7441860465116279 0.036 0.034108527131782945
0 0.5893333333333334 0.3488372093023256 0.034666666666666665 0.034108527131782945
0 0.7533333333333333 0.31550387596899226 0.037333333333333336 0.04186046511627907
0 0.754 0.5302325581395348 0.03866666666666667 0.034108527131782945
0 0.23 0.45891472868217054 0.03333333333333333 0.031007751937984496
0 0.5893333333333334 0.38527131782945734 0.037333333333333336 0.03565891472868217
0 0.6433333333333333 0.45813953488372094 0.036 0.03875968992248062
0 0.11666666666666667 0.3496124031007752 0.03866666666666667 0.03565891472868217
0 0.3433333333333333 0.748062015503876 0.036 0.03255813953488372
0 0.23 0.710077519379845 0.03866666666666667 0.034108527131782945
0 0.288 0.5651162790697675 0.032 0.03565891472868217
0 0.28733333333333333 0.7472868217054264 0.036 0.034108527131782945
0 0.23 0.5302325581395348 0.03333333333333333 0.034108527131782945
0 0.45066666666666666 0.351937984496124 0.034666666666666665 0.034108527131782945
0 0.22866666666666666 0.6031007751937985 0.03866666666666667 0.034108527131782945
0 0.2866666666666667 0.42170542635658914 0.037333333333333336 0.040310077519379844
0 0.698 0.27984496124031005 0.036 0.03255813953488372
0 0.39866666666666667 0.3124031007751938 0.037333333333333336 0.03875968992248062
0 0.23066666666666666 0.8542635658914729 0.037333333333333336 0.037209302325581395
0 0.40066666666666667 0.7806201550387597 0.036 0.03875968992248062
0 0.17466666666666666 0.3875968992248062 0.037333333333333336 0.037209302325581395
0 0.28733333333333333 0.8170542635658915 0.03866666666666667 0.034108527131782945
0 0.2886666666666667 0.8868217054263566 0.03866666666666667 0.037209302325581395
0 0.23066666666666666 0.3883720930232558 0.037333333333333336 0.03875968992248062
0 0.536 0.7434108527131783 0.034666666666666665 0.03565891472868217
0 0.5353333333333333 0.6 0.03333333333333333 0.034108527131782945
0 0.17466666666666666 0.31550387596899226 0.04 0.03875968992248062
0 0.3433333333333333 0.351937984496124 0.036 0.034108527131782945
0 0.6426666666666667 0.6364341085271318 0.037333333333333336 0.03565891472868217
0 0.23 0.42713178294573645 0.036 0.03565891472868217
0 0.4513333333333333 0.6728682170542636 0.03333333333333333 0.034108527131782945
0 0.6993333333333334 0.3875968992248062 0.03333333333333333 0.034108527131782945
0 0.288 0.851937984496124 0.037333333333333336 0.03565891472868217
0 0.8073333333333333 0.45968992248062013 0.03866666666666667 0.03565891472868217
0 0.3433333333333333 0.45891472868217054 0.036 0.034108527131782945
0 0.76 0.8612403100775193 0.028 0.023255813953488372
0 0.8486666666666667 0.6372093023255814 0.028 0.031007751937984496
0 0.5366666666666666 0.5643410852713179 0.03333333333333333 0.031007751937984496
0 0.8106666666666666 0.7077519379844961 0.04 0.03565891472868217
0 0.6433333333333333 0.42248062015503873 0.030666666666666665 0.03255813953488372