0 0.3511111111111111 0.9130081300813008 0.035555555555555556 0.04065040650406504
0 0.5083333333333333 0.27154471544715447 0.043333333333333335 0.02926829268292683
0 0.08888888888888889 0.4504065040650406 0.035555555555555556 0.04227642276422764
0 0.19333333333333333 0.2845528455284553 0.035555555555555556 0.055284552845528454
0 0.5083333333333333 0.37073170731707317 0.043333333333333335 0.03577235772357724
0 0.35 0.7845528455284553 0.03333333333333333 0.04065040650406504
0 0.5088888888888888 0.13739837398373983 0.044444444444444446 0.03414634146341464
0 0.3622222222222222 0.6146341463414634 0.024444444444444446 0.03577235772357724
0 0.6105555555555555 0.7463414634146341 0.03666666666666667 0.03902439024390244
0 0.4538888888888889 0.8691056910569106 0.034444444444444444 0.04065040650406504
0 0.61 0.7853658536585366 0.035555555555555556 0.04227642276422764
0 0.61 0.8284552845528456 0.035555555555555556 0.04390243902439024
0 0.455 0.7430894308943089 0.03 0.03902439024390244
0 0.9216666666666666 0.23902439024390243 0.034444444444444444 0.04227642276422764
0 0.36333333333333334 0.5317073170731708 0.022222222222222223 0.032520325203252036
0 0.14055555555555554 0.9105691056910569 0.03666666666666667 0.04552845528455285
0 0.8711111111111111 0.7479674796747967 0.03333333333333333 0.03902439024390244
0 0.8711111111111111 0.7853658536585366 0.03333333333333333 0.03902439024390244
0 0.5588888888888889 0.7861788617886178 0.03777777777777778 0.04715447154471545
0 0.14222222222222222 0.32195121951219513 0.03333333333333333 0.03902439024390244
0 0.8694444444444445 0.4097560975609756 0.03222222222222222 0.03902439024390244
0 0.35055555555555556 0.8699186991869918 0.034444444444444444 0.04227642276422764
0 0.08888888888888889 0.2804878048780488 0.035555555555555556 0.04390243902439024
0 0.7133333333333334 0.3284552845528455 0.03333333333333333 0.03902439024390244
0 0.8694444444444445 0.14715447154471545 0.03666666666666667 0.04715447154471545
0 0.45444444444444443 0.5739837398373984 0.03333333333333333 0.03577235772357724
0 0.14 0.8658536585365854 0.035555555555555556 0.04390243902439024
0 0.8727777777777778 0.9105691056910569 0.03666666666666667 0.04552845528455285
0 0.45555555555555555 0.8260162601626017 0.03333333333333333 0.04227642276422764
0 0.8722222222222222 0.8682926829268293 0.035555555555555556 0.03902439024390244
0 0.3516666666666667 0.14796747967479676 0.034444444444444444 0.04878048780487805
0 0.14 0.8252032520325203 0.03333333333333333 0.03739837398373984
0 0.5588888888888889 0.7447154471544716 0.035555555555555556 0.03577235772357724
0 0.3638888888888889 0.36341463414634145 0.023333333333333334 0.03414634146341464
0 0.09055555555555556 0.3235772357723577 0.034444444444444444 0.03902439024390244
0 0.2461111111111111 0.9105691056910569 0.03666666666666667 0.04552845528455285
0 0.3511111111111111 0.8260162601626017 0.035555555555555556 0.04552845528455285
0 0.9216666666666666 0.367479674796748 0.034444444444444444 0.03902439024390244
0 0.5594444444444444 0.8284552845528456 0.03666666666666667 0.04390243902439024
0 0.14277777777777778 0.28292682926829266 0.034444444444444444 0.03577235772357724
0 0.24555555555555555 0.7016260162601626 0.03333333333333333 0.04065040650406504
0 0.3511111111111111 0.2813008130081301 0.035555555555555556 0.04552845528455285
0 0.14277777777777778 0.23902439024390243 0.034444444444444444 0.04552845528455285
0 0.7138888888888889 0.14959349593495935 0.03666666666666667 0.04878048780487805
0 0.5583333333333333 0.6211382113821138 0.034444444444444444 0.04552845528455285
0 0.5577777777777778 0.6634146341463415 0.03333333333333333 0.03902439024390244
0 0.1411111111111111 0.4073170731707317 0.03333333333333333 0.04065040650406504
0 0.35055555555555556 0.6991869918699187 0.034444444444444444 0.04227642276422764
0 0.9216666666666666 0.3260162601626016 0.034444444444444444 0.04390243902439024
0 0.3372222222222222 0.32439024390243903 0.021111111111111112 0.030894308943089432
0 0.2461111111111111 0.15040650406504066 0.034444444444444444 0.04715447154471545
0 0.09 0.4951219512195122 0.035555555555555556 0.04065040650406504
0 0.8172222222222222 0.24227642276422764 0.03222222222222222 0.03902439024390244
0 0.87 0.44878048780487806 0.035555555555555556 0.04227642276422764
0 0.40444444444444444 0.32113821138211385 0.03333333333333333 0.03414634146341464
0 0.6105555555555555 0.7048780487804878 0.03888888888888889 0.04390243902439024
0 0.24555555555555555 0.8284552845528456 0.03333333333333333 0.04065040650406504
0 0.8172222222222222 0.1975609756097561 0.034444444444444444 0.05040650406504065
0 0.7138888888888889 0.2861788617886179 0.034444444444444444 0.04878048780487805
0 0.14 0.7422764227642277 0.03333333333333333 0.04065040650406504
0 0.5083333333333333 0.17073170731707318 0.043333333333333335 0.03577235772357724
0 0.7683333333333333 0.5739837398373984 0.034444444444444444 0.032520325203252036
0 0.8705555555555555 0.6186991869918699 0.03666666666666667 0.04065040650406504
0 0.36333333333333334 0.573170731707317 0.022222222222222223 0.03414634146341464
0 0.14 0.7016260162601626 0.035555555555555556 0.04065040650406504
0 0.9216666666666666 0.44959349593495934 0.034444444444444444 0.03739837398373984
0 0.9216666666666666 0.2821138211382114 0.03666666666666667 0.04390243902439024
0 0.9216666666666666 0.1943089430894309 0.03666666666666667 0.04715447154471545
0 0.61 0.8699186991869918 0.035555555555555556 0.04227642276422764
0 0.455 0.7853658536585366 0.034444444444444444 0.04227642276422764
0 0.45555555555555555 0.45121951219512196 0.03333333333333333 0.04065040650406504
0 0.9216666666666666 0.5317073170731708 0.03222222222222222 0.03577235772357724
0 0.24555555555555555 0.8674796747967479 0.03333333333333333 0.03414634146341464
0 0.5594444444444444 0.8682926829268293 0.034444444444444444 0.03902439024390244
0 0.5588888888888889 0.9113821138211382 0.03777777777777778 0.04390243902439024
0 0.5088888888888888 0.2048780487804878 0.044444444444444446 0.02926829268292683
0 0.6105555555555555 0.9130081300813008 0.03666666666666667 0.04065040650406504
0 0.36333333333333334 0.44959349593495934 0.024444444444444446 0.03739837398373984
0 0.8177777777777778 0.28536585365853656 0.035555555555555556 0.04390243902439024
0 0.8172222222222222 0.3276422764227642 0.034444444444444444 0.04390243902439024
0 0.6111111111111112 0.6178861788617886 0.035555555555555556 0.04552845528455285
0 0.2461111111111111 0.7439024390243902 0.034444444444444444 0.04065040650406504
0 0.6105555555555555 0.532520325203252 0.034444444444444444 0.04065040650406504
0 0.245 0.6186991869918699 0.034444444444444444 0.04390243902439024
0 0.14 0.7845528455284553 0.03333333333333333 0.04390243902439024
0 0.14166666666666666 0.3642276422764228 0.034444444444444444 0.04552845528455285
0 0.8672222222222222 0.1943089430894309 0.03666666666666667 0.04390243902439024
0 0.9238888888888889 0.7463414634146341 0.03666666666666667 0.04227642276422764
0 0.2461111111111111 0.532520325203252 0.034444444444444444 0.03739837398373984
0 0.9227777777777778 0.6601626016260163 0.03666666666666667 0.03902439024390244
0 0.4538888888888889 0.7016260162601626 0.034444444444444444 0.04065040650406504
0 0.7127777777777777 0.24065040650406505 0.034444444444444444 0.04227642276422764
0 0.8711111111111111 0.8268292682926829 0.035555555555555556 0.04390243902439024
0 0.08944444444444444 0.408130081300813 0.03666666666666667 0.04227642276422764
0 0.6616666666666666 0.14878048780487804 0.034444444444444444 0.05040650406504065
0 0.4033333333333333 0.4089430894308943 0.03333333333333333 0.04390243902439024
0 0.4033333333333333 0.491869918699187 0.03333333333333333 0.04715447154471545
0 0.5594444444444444 0.24146341463414633 0.034444444444444444 0.04065040650406504
0 0.45666666666666667 0.19349593495934958 0.035555555555555556 0.04878048780487805
0 0.5588888888888889 0.36829268292682926 0.035555555555555556 0.04390243902439024
0 0.45555555555555555 0.4073170731707317 0.035555555555555556 0.04390243902439024
0 0.6105555555555555 0.24227642276422764 0.034444444444444444 0.04227642276422764
0 0.56 0.4943089430894309 0.035555555555555556 0.04227642276422764
0 0.6105555555555555 0.3276422764227642 0.034444444444444444 0.04065040650406504
0 0.61 0.4089430894308943 0.035555555555555556 0.04065040650406504
0 0.5588888888888889 0.4113821138211382 0.035555555555555556 0.04227642276422764
0 0.4033333333333333 0.23983739837398374 0.03333333333333333 0.04390243902439024
0 0.5594444444444444 0.45203252032520325 0.03666666666666667 0.04227642276422764
0 0.6105555555555555 0.36829268292682926 0.034444444444444444 0.04065040650406504
0 0.45611111111111113 0.23983739837398374 0.03666666666666667 0.04390243902439024
0 0.61 0.45203252032520325 0.035555555555555556 0.04552845528455285
0 0.45555555555555555 0.3227642276422764 0.03333333333333333 0.04390243902439024
0 0.6105555555555555 0.1991869918699187 0.034444444444444444 0.04390243902439024
0 0.2972222222222222 0.3235772357723577 0.034444444444444444 0.04227642276422764
0 0.4033333333333333 0.36341463414634145 0.03111111111111111 0.04390243902439024
0 0.455 0.5349593495934959 0.034444444444444444 0.04227642276422764
0 0.5077777777777778 0.44471544715447153 0.03777777777777778 0.04715447154471545
0 0.6622222222222223 0.1975609756097561 0.03777777777777778 0.04390243902439024
0 0.13944444444444445 0.6609756097560976 0.03666666666666667 0.04390243902439024
0 0.6105555555555555 0.15121951219512195 0.03666666666666667 0.04878048780487805
0 0.7677777777777778 0.6154471544715447 0.035555555555555556 0.04715447154471545
0 0.24555555555555555 0.49349593495934957 0.035555555555555556 0.04065040650406504
0 0.7655555555555555 0.4089430894308943 0.035555555555555556 0.04715447154471545
0 0.5594444444444444 0.2845528455284553 0.03666666666666667 0.04227642276422764
0 0.7655555555555555 0.24308943089430896 0.035555555555555556 0.04065040650406504
0 0.87 0.6609756097560976 0.035555555555555556 0.04390243902439024
0 0.29833333333333334 0.4097560975609756 0.034444444444444444 0.04878048780487805
0 0.5077777777777778 0.33902439024390246 0.044444444444444446 0.027642276422764227
0 0.3377777777777778 0.4902439024390244 0.022222222222222223 0.03739837398373984
0 0.45555555555555555 0.3650406504065041 0.03333333333333333 0.04065040650406504
0 0.5583333333333333 0.19593495934959348 0.03666666666666667 0.04715447154471545
0 0.6105555555555555 0.2845528455284553 0.034444444444444444 0.04227642276422764
0 0.765 0.15121951219512195 0.03666666666666667 0.04552845528455285
0 0.765 0.28292682926829266 0.03666666666666667 0.03902439024390244
0 0.8694444444444445 0.3252032520325203 0.034444444444444444 0.03902439024390244
0 0.29833333333333334 0.27967479674796747 0.03222222222222222 0.04227642276422764
0 0.3511111111111111 0.7430894308943089 0.03333333333333333 0.04227642276422764
0 0.24555555555555555 0.7853658536585366 0.035555555555555556 0.04552845528455285
0 0.6105555555555555 0.573170731707317 0.034444444444444444 0.04390243902439024
0 0.08833333333333333 0.616260162601626 0.034444444444444444 0.04227642276422764
0 0.7655555555555555 0.36666666666666664 0.035555555555555556 0.03739837398373984
0 0.8688888888888889 0.23902439024390243 0.03777777777777778 0.04552845528455285
0 0.9222222222222223 0.4097560975609756 0.035555555555555556 0.04227642276422764
0 0.9227777777777778 0.5739837398373984 0.034444444444444444 0.04227642276422764
0 0.08833333333333333 0.5715447154471545 0.034444444444444444 0.04390243902439024
0 0.61 0.49349593495934957 0.035555555555555556 0.04065040650406504
0 0.6622222222222223 0.24146341463414633 0.03333333333333333 0.04065040650406504
0 0.3377777777777778 0.4056910569105691 0.022222222222222223 0.03414634146341464
0 0.3383333333333333 0.5308943089430894 0.023333333333333334 0.03739837398373984
0 0.765 0.45284552845528453 0.034444444444444444 0.04065040650406504
0 0.8683333333333333 0.2845528455284553 0.03888888888888889 0.04552845528455285
0 0.7127777777777777 0.1975609756097561 0.034444444444444444 0.04390243902439024
0 0.6105555555555555 0.6617886178861788 0.03666666666666667 0.04227642276422764
0 0.5583333333333333 0.7040650406504065 0.034444444444444444 0.04552845528455285
0 0.45444444444444443 0.6601626016260163 0.03333333333333333 0.04227642276422764
0 0.3516666666666667 0.6560975609756098 0.034444444444444444 0.04065040650406504
0 0.5088888888888888 0.3048780487804878 0.044444444444444446 0.04065040650406504
0 0.24555555555555555 0.408130081300813 0.035555555555555556 0.04227642276422764
0 0.1438888888888889 0.14715447154471545 0.03666666666666667 0.04715447154471545
0 0.9227777777777778 0.6178861788617886 0.03666666666666667 0.04552845528455285
0 0.09 0.36260162601626017 0.035555555555555556 0.04227642276422764
0 0.87 0.5349593495934959 0.03333333333333333 0.04227642276422764
0 0.24555555555555555 0.5756097560975609 0.03333333333333333 0.04552845528455285
0 0.5077777777777778 0.23658536585365852 0.042222222222222223 0.04065040650406504
0 0.45555555555555555 0.49349593495934957 0.03333333333333333 0.04390243902439024
0 0.9238888888888889 0.7016260162601626 0.03666666666666667 0.04715447154471545
0 0.24555555555555555 0.23821138211382115 0.035555555555555556 0.04715447154471545
0 0.2461111111111111 0.32439024390243903 0.034444444444444444 0.04065040650406504
0 0.8711111111111111 0.7065040650406504 0.035555555555555556 0.04715447154471545
0 0.24666666666666667 0.1951219512195122 0.035555555555555556 0.04227642276422764
0 0.3511111111111111 0.23902439024390243 0.03333333333333333 0.03902439024390244
0 0.87 0.36829268292682926 0.035555555555555556 0.04390243902439024
0 0.245 0.6617886178861788 0.03666666666666667 0.03902439024390244
0 0.3377777777777778 0.3642276422764228 0.022222222222222223 0.03902439024390244
0 0.45555555555555555 0.2821138211382114 0.03333333333333333 0.04065040650406504
0 0.87 0.491869918699187 0.035555555555555556 0.04390243902439024
0 0.08888888888888889 0.6593495934959349 0.035555555555555556 0.04065040650406504
0 0.14166666666666666 0.44878048780487806 0.03666666666666667 0.04227642276422764
0 0.1438888888888889 0.1943089430894309 0.03666666666666667 0.04390243902439024
0 0.14166666666666666 0.491869918699187 0.034444444444444444 0.04390243902439024
0 0.3383333333333333 0.5739837398373984 0.023333333333333334 0.03577235772357724
0 0.24555555555555555 0.367479674796748 0.035555555555555556 0.04227642276422764
0 0.9216666666666666 0.491869918699187 0.034444444444444444 0.04390243902439024
0 0.7666666666666667 0.4943089430894309 0.035555555555555556 0.04227642276422764
0 0.14166666666666666 0.5333333333333333 0.034444444444444444 0.03902439024390244
0 0.7661111111111111 0.3260162601626016 0.03666666666666667 0.04390243902439024
0 0.4033333333333333 0.19349593495934958 0.03333333333333333 0.04552845528455285
0 0.4033333333333333 0.2813008130081301 0.03333333333333333 0.03902439024390244
0 0.3383333333333333 0.44715447154471544 0.023333333333333334 0.032520325203252036
0 0.36277777777777775 0.3252032520325203 0.023333333333333334 0.03577235772357724
0 0.765 0.1975609756097561 0.03666666666666667 0.04715447154471545
0 0.08833333333333333 0.7032520325203252 0.03888888888888889 0.04715447154471545
0 0.2972222222222222 0.3650406504065041 0.03222222222222222 0.03739837398373984
0 0.7677777777777778 0.5349593495934959 0.03333333333333333 0.04227642276422764
0 0.5594444444444444 0.5365853658536586 0.03666666666666667 0.04227642276422764
0 0.08944444444444444 0.5317073170731708 0.03666666666666667 0.026016260162601626
0 0.9205555555555556 0.14878048780487804 0.03666666666666667 0.04715447154471545
0 0.5077777777777778 0.4894308943089431 0.035555555555555556 0.032520325203252036
0 0.5188888888888888 0.7211382113821139 0.01888888888888889 0.02113821138211382
0 0.5188888888888888 0.7373983739837399 0.017777777777777778 0.013008130081300813
0 0.1411111111111111 0.5739837398373984 0.03333333333333333 0.04227642276422764
0 0.36333333333333334 0.49105691056910566 0.024444444444444446 0.03577235772357724
0 0.36333333333333334 0.4073170731707317 0.024444444444444446 0.03739837398373984
0 0.5588888888888889 0.5772357723577236 0.03777777777777778 0.04227642276422764
0 0.4033333333333333 0.44959349593495934 0.03111111111111111 0.03739837398373984
0 0.24555555555555555 0.283739837398374 0.035555555555555556 0.04390243902439024
0 0.87 0.5780487804878048 0.035555555555555556 0.04390243902439024
0 0.7672222222222222 0.6642276422764227 0.03666666666666667 0.05040650406504065
0 0.3511111111111111 0.1951219512195122 0.035555555555555556 0.04552845528455285
0 0.5594444444444444 0.3260162601626016 0.034444444444444444 0.03739837398373984
0 0.245 0.45121951219512196 0.03666666666666667 0.04390243902439024
0 0.14 0.616260162601626 0.035555555555555556 0.04227642276422764
0 0.4538888888888889 0.6146341463414634 0.03222222222222222 0.04552845528455285
0 0.45555555555555555 0.9121951219512195 0.035555555555555556 0.03902439024390244