0 0.5138888888888888 0.7339901477832512 0.015555555555555555 0.013136288998357963
0 0.5138888888888888 0.7167487684729064 0.021111111111111112 0.021346469622331693
0 0.515 0.7495894909688013 0.01888888888888889 0.016420361247947456
0 0.4488888888888889 0.41954022988505746 0.03333333333333333 0.027914614121510674
0 0.7588888888888888 0.8637110016420362 0.035555555555555556 0.042692939244663386
0 0.345 0.7397372742200329 0.034444444444444444 0.041050903119868636
0 0.08666666666666667 0.4466338259441708 0.035555555555555556 0.042692939244663386
0 0.5522222222222222 0.1962233169129721 0.035555555555555556 0.04433497536945813
0 0.2411111111111111 0.4064039408866995 0.03333333333333333 0.04433497536945813
0 0.34555555555555556 0.2372742200328407 0.03333333333333333 0.041050903119868636
0 0.7577777777777778 0.6584564860426929 0.035555555555555556 0.03940886699507389
0 0.7577777777777778 0.7791461412151067 0.035555555555555556 0.041050903119868636
0 0.5527777777777778 0.15024630541871922 0.03666666666666667 0.04433497536945813
0 0.8594444444444445 0.40558292282430214 0.034444444444444444 0.03940886699507389
0 0.6555555555555556 0.8243021346469622 0.035555555555555556 0.04597701149425287
0 0.9111111111111111 0.1469622331691297 0.035555555555555556 0.05090311986863711
0 0.7583333333333333 0.7389162561576355 0.034444444444444444 0.042692939244663386
0 0.34555555555555556 0.8234811165845649 0.035555555555555556 0.041050903119868636
0 0.7572222222222222 0.4072249589490969 0.03222222222222222 0.03940886699507389
0 0.4494444444444444 0.23809523809523808 0.034444444444444444 0.042692939244663386
0 0.8594444444444445 0.3275862068965517 0.034444444444444444 0.03776683087027915
0 0.9122222222222223 0.1962233169129721 0.03777777777777778 0.047619047619047616
0 0.7055555555555556 0.4482758620689655 0.03333333333333333 0.0361247947454844
0 0.86 0.36617405582922824 0.035555555555555556 0.03940886699507389
0 0.345 0.5714285714285714 0.03222222222222222 0.042692939244663386
0 0.19055555555555556 0.28078817733990147 0.034444444444444444 0.03940886699507389
0 0.4483333333333333 0.3226600985221675 0.03222222222222222 0.04433497536945813
0 0.7577777777777778 0.4482758620689655 0.03333333333333333 0.03940886699507389
0 0.24222222222222223 0.14532019704433496 0.035555555555555556 0.04433497536945813
0 0.34555555555555556 0.7832512315270936 0.035555555555555556 0.042692939244663386
0 0.7055555555555556 0.6149425287356322 0.03333333333333333 0.041050903119868636
0 0.14 0.2372742200328407 0.035555555555555556 0.04433497536945813
0 0.7572222222222222 0.1962233169129721 0.03222222222222222 0.03776683087027915
0 0.8594444444444445 0.4466338259441708 0.03666666666666667 0.042692939244663386
0 0.08666666666666667 0.6149425287356322 0.03777777777777778 0.04433497536945813
0 0.3461111111111111 0.1477832512315271 0.034444444444444444 0.04926108374384237
0 0.6027777777777777 0.5361247947454844 0.03666666666666667 0.04433497536945813
0 0.6027777777777777 0.19376026272577998 0.03222222222222222 0.042692939244663386
0 0.19166666666666668 0.14532019704433496 0.034444444444444444 0.05090311986863711
0 0.655 0.5722495894909688 0.034444444444444444 0.041050903119868636
0 0.19166666666666668 0.19129720853858784 0.034444444444444444 0.041050903119868636
0 0.8605555555555555 0.6141215106732348 0.03666666666666667 0.04597701149425287
0 0.7061111111111111 0.7824302134646962 0.034444444444444444 0.041050903119868636
0 0.6544444444444445 0.40558292282430214 0.03333333333333333 0.042692939244663386
0 0.7577777777777778 0.5730706075533661 0.035555555555555556 0.042692939244663386
0 0.4494444444444444 0.1477832512315271 0.03666666666666667 0.04597701149425287
0 0.7066666666666667 0.7413793103448276 0.03333333333333333 0.04433497536945813
0 0.4483333333333333 0.36535303776683087 0.034444444444444444 0.041050903119868636
0 0.13944444444444445 0.2824302134646962 0.03666666666666667 0.04597701149425287
0 0.34555555555555556 0.2799671592775041 0.03333333333333333 0.041050903119868636
0 0.4483333333333333 0.2799671592775041 0.03222222222222222 0.041050903119868636
0 0.7066666666666667 0.6986863711001642 0.035555555555555556 0.04433497536945813
0 0.7055555555555556 0.5738916256157636 0.03333333333333333 0.03776683087027915
0 0.7072222222222222 0.8243021346469622 0.034444444444444444 0.042692939244663386
0 0.3977777777777778 0.2413793103448276 0.035555555555555556 0.04926108374384237
0 0.19055555555555556 0.3218390804597701 0.034444444444444444 0.03940886699507389
0 0.7566666666666667 0.6149425287356322 0.03333333333333333 0.04433497536945813
0 0.5005555555555555 0.4425287356321839 0.03888888888888889 0.047619047619047616
0 0.8588888888888889 0.28407224958949095 0.035555555555555556 0.04597701149425287
0 0.7572222222222222 0.48686371100164205 0.034444444444444444 0.03776683087027915
0 0.34555555555555556 0.32348111658456485 0.03333333333333333 0.042692939244663386
0 0.24166666666666667 0.36288998357963875 0.034444444444444444 0.042692939244663386
0 0.19 0.3620689655172414 0.035555555555555556 0.041050903119868636
0 0.34555555555555556 0.44991789819376027 0.03333333333333333 0.03940886699507389
0 0.3977777777777778 0.19293924466338258 0.035555555555555556 0.04433497536945813
0 0.34555555555555556 0.19540229885057472 0.035555555555555556 0.042692939244663386
0 0.7572222222222222 0.15024630541871922 0.034444444444444444 0.05090311986863711
0 0.345 0.6986863711001642 0.034444444444444444 0.041050903119868636
0 0.7055555555555556 0.4885057471264368 0.03333333333333333 0.04433497536945813
0 0.7572222222222222 0.23891625615763548 0.03 0.041050903119868636
0 0.3461111111111111 0.40804597701149425 0.034444444444444444 0.041050903119868636
0 0.6538888888888889 0.5344827586206896 0.034444444444444444 0.03776683087027915
0 0.24222222222222223 0.28078817733990147 0.03333333333333333 0.04597701149425287
0 0.2411111111111111 0.49014778325123154 0.03333333333333333 0.04433497536945813
0 0.8583333333333333 0.14860426929392448 0.03666666666666667 0.047619047619047616
0 0.6038888888888889 0.14614121510673234 0.034444444444444444 0.04926108374384237
0 0.7055555555555556 0.6576354679802956 0.03333333333333333 0.041050903119868636
0 0.345 0.49014778325123154 0.03222222222222222 0.041050903119868636
0 0.34444444444444444 0.6568144499178982 0.035555555555555556 0.042692939244663386
0 0.7572222222222222 0.3669950738916256 0.034444444444444444 0.041050903119868636
0 0.295 0.19376026272577998 0.034444444444444444 0.042692939244663386
0 0.6027777777777777 0.4482758620689655 0.034444444444444444 0.042692939244663386
0 0.7044444444444444 0.23973727422003285 0.03333333333333333 0.042692939244663386
0 0.24222222222222223 0.23645320197044334 0.03333333333333333 0.042692939244663386
0 0.6544444444444445 0.19786535303776684 0.03333333333333333 0.03776683087027915
0 0.655 0.44745484400656815 0.034444444444444444 0.04433497536945813
0 0.1411111111111111 0.19129720853858784 0.035555555555555556 0.047619047619047616
0 0.6038888888888889 0.4072249589490969 0.03222222222222222 0.03940886699507389
0 0.345 0.6141215106732348 0.034444444444444444 0.042692939244663386
0 0.8588888888888889 0.1962233169129721 0.03333333333333333 0.04433497536945813
0 0.29444444444444445 0.24055829228243022 0.035555555555555556 0.047619047619047616
0 0.8594444444444445 0.23973727422003285 0.034444444444444444 0.042692939244663386
0 0.5516666666666666 0.2413793103448276 0.034444444444444444 0.042692939244663386
0 0.7044444444444444 0.28160919540229884 0.03333333333333333 0.041050903119868636
0 0.4488888888888889 0.19540229885057472 0.035555555555555556 0.042692939244663386
0 0.7561111111111111 0.3251231527093596 0.03222222222222222 0.042692939244663386
0 0.19055555555555556 0.2372742200328407 0.03666666666666667 0.047619047619047616
0 0.3977777777777778 0.1469622331691297 0.035555555555555556 0.047619047619047616
0 0.345 0.5303776683087028 0.034444444444444444 0.042692939244663386
0 0.6033333333333334 0.28078817733990147 0.03333333333333333 0.042692939244663386
0 0.6038888888888889 0.23809523809523808 0.03222222222222222 0.042692939244663386
0 0.7577777777777778 0.5287356321839081 0.035555555555555556 0.042692939244663386
0 0.6544444444444445 0.6141215106732348 0.035555555555555556 0.042692939244663386
0 0.6533333333333333 0.3251231527093596 0.035555555555555556 0.042692939244663386
0 0.7055555555555556 0.3251231527093596 0.03333333333333333 0.042692939244663386
0 0.655 0.4917898193760263 0.034444444444444444 0.04433497536945813
0 0.6038888888888889 0.4917898193760263 0.03666666666666667 0.04433497536945813
0 0.7572222222222222 0.28160919540229884 0.03222222222222222 0.04433497536945813
0 0.7055555555555556 0.4088669950738916 0.035555555555555556 0.042692939244663386
0 0.2427777777777778 0.19047619047619047 0.034444444444444444 0.04597701149425287
0 0.6544444444444445 0.23891625615763548 0.035555555555555556 0.041050903119868636
0 0.6038888888888889 0.3243021346469622 0.034444444444444444 0.041050903119868636
0 0.6538888888888889 0.28160919540229884 0.034444444444444444 0.041050903119868636
0 0.4494444444444444 0.3957307060755337 0.022222222222222223 0.0180623973727422
0 0.5011111111111111 0.48357963875205257 0.03777777777777778 0.027914614121510674
0 0.5022222222222222 0.3366174055829228 0.042222222222222223 0.03284072249589491
0 0.8605555555555555 0.9072249589490968 0.03666666666666667 0.04433497536945813
0 0.8605555555555555 0.8218390804597702 0.034444444444444444 0.041050903119868636
0 0.6544444444444445 0.6543513957307061 0.03333333333333333 0.041050903119868636
0 0.5016666666666667 0.2019704433497537 0.043333333333333335 0.029556650246305417
0 0.655 0.6986863711001642 0.034444444444444444 0.04433497536945813
0 0.8622222222222222 0.8628899835796388 0.03333333333333333 0.041050903119868636
0 0.8616666666666667 0.7824302134646962 0.03666666666666667 0.041050903119868636
0 0.5016666666666667 0.36617405582922824 0.04111111111111111 0.0361247947454844
0 0.5027777777777778 0.26929392446633826 0.043333333333333335 0.029556650246305417
0 0.76 0.9088669950738916 0.03777777777777778 0.047619047619047616
0 0.14166666666666666 0.14532019704433496 0.03222222222222222 0.041050903119868636
0 0.6555555555555556 0.7405582922824302 0.03333333333333333 0.042692939244663386
0 0.3461111111111111 0.9088669950738916 0.03666666666666667 0.04433497536945813
0 0.08666666666666667 0.5714285714285714 0.035555555555555556 0.042692939244663386
0 0.655 0.7799671592775042 0.034444444444444444 0.03940886699507389
0 0.08722222222222223 0.2348111658456486 0.034444444444444444 0.03940886699507389
0 0.7055555555555556 0.367816091954023 0.035555555555555556 0.03940886699507389
0 0.5016666666666667 0.13382594417077176 0.043333333333333335 0.031198686371100164
0 0.5016666666666667 0.1683087027914614 0.043333333333333335 0.03776683087027915
0 0.7577777777777778 0.8210180623973727 0.03333333333333333 0.042692939244663386
0 0.08611111111111111 0.5311986863711001 0.03666666666666667 0.03776683087027915
0 0.5027777777777778 0.3021346469622332 0.04111111111111111 0.03940886699507389
0 0.7583333333333333 0.6970443349753694 0.034444444444444444 0.03776683087027915
0 0.8611111111111112 0.7430213464696224 0.035555555555555556 0.041050903119868636
0 0.8077777777777778 0.1962233169129721 0.03333333333333333 0.047619047619047616
0 0.8605555555555555 0.5689655172413793 0.034444444444444444 0.04433497536945813
0 0.19055555555555556 0.44745484400656815 0.034444444444444444 0.03776683087027915
0 0.7038888888888889 0.19293924466338258 0.03222222222222222 0.047619047619047616
0 0.9116666666666666 0.24055829228243022 0.034444444444444444 0.041050903119868636
0 0.6038888888888889 0.36617405582922824 0.034444444444444444 0.042692939244663386
0 0.86 0.6995073891625616 0.03777777777777778 0.042692939244663386
0 0.5016666666666667 0.23563218390804597 0.043333333333333335 0.03776683087027915
0 0.7055555555555556 0.5320197044334976 0.035555555555555556 0.04597701149425287
0 0.08888888888888889 0.14532019704433496 0.035555555555555556 0.04433497536945813
0 0.08666666666666667 0.6584564860426929 0.03333333333333333 0.03940886699507389
0 0.8594444444444445 0.4876847290640394 0.03666666666666667 0.03940886699507389
0 0.6544444444444445 0.15024630541871922 0.03333333333333333 0.05090311986863711
0 0.86 0.5279146141215106 0.035555555555555556 0.041050903119868636
0 0.345 0.36617405582922824 0.03222222222222222 0.03940886699507389
0 0.2411111111111111 0.44745484400656815 0.03111111111111111 0.041050903119868636
0 0.08611111111111111 0.4909688013136289 0.03666666666666667 0.042692939244663386
0 0.3466666666666667 0.8661740558292282 0.035555555555555556 0.04433497536945813
0 0.08722222222222223 0.2766830870279146 0.034444444444444444 0.04433497536945813
0 0.6544444444444445 0.36535303776683087 0.03333333333333333 0.034482758620689655
0 0.08611111111111111 0.40558292282430214 0.03666666666666667 0.042692939244663386
0 0.08777777777777777 0.1921182266009852 0.03777777777777778 0.04597701149425287
0 0.19111111111111112 0.40558292282430214 0.035555555555555556 0.04597701149425287
0 0.08666666666666667 0.3185550082101806 0.035555555555555556 0.042692939244663386
0 0.085 0.7003284072249589 0.03666666666666667 0.047619047619047616
0 0.08666666666666667 0.3620689655172414 0.035555555555555556 0.04433497536945813
0 0.18944444444444444 0.49014778325123154 0.034444444444444444 0.047619047619047616
0 0.24166666666666667 0.3226600985221675 0.03222222222222222 0.03776683087027915
0 0.8605555555555555 0.6576354679802956 0.03666666666666667 0.041050903119868636