0 0.5105555555555555 0.1381260096930533 0.04555555555555556 0.033925686591276254
0 0.6644444444444444 0.8263327948303716 0.035555555555555556 0.04038772213247173
0 0.77 0.7019386106623586 0.035555555555555556 0.04361873990306947
0 0.7694444444444445 0.784329563812601 0.03666666666666667 0.046849757673667204
0 0.8216666666666667 0.24636510500807754 0.03222222222222222 0.04361873990306947
0 0.6644444444444444 0.7447495961227787 0.03333333333333333 0.0420032310177706
0 0.6133333333333333 0.6203554119547657 0.03333333333333333 0.0420032310177706
0 0.925 0.24394184168012925 0.034444444444444444 0.0420032310177706
0 0.665 0.8683360258481422 0.034444444444444444 0.04361873990306947
0 0.7172222222222222 0.7011308562197092 0.034444444444444444 0.051696284329563816
0 0.6638888888888889 0.3691437802907916 0.03 0.03715670436187399
0 0.7694444444444445 0.5339256865912763 0.03222222222222222 0.04361873990306947
0 0.7683333333333333 0.4903069466882068 0.03222222222222222 0.04038772213247173
0 0.9255555555555556 0.1987075928917609 0.03333333333333333 0.0420032310177706
0 0.8722222222222222 0.24232633279483037 0.03111111111111111 0.03877221324717286
0 0.7694444444444445 0.1518578352180937 0.03666666666666667 0.051696284329563816
0 0.7688888888888888 0.284329563812601 0.03333333333333333 0.035541195476575124
0 0.6133333333333333 0.827140549273021 0.035555555555555556 0.045234248788368334
0 0.6133333333333333 0.7027463651050081 0.03333333333333333 0.0420032310177706
0 0.7166666666666667 0.5347334410339257 0.03333333333333333 0.03877221324717286
0 0.7155555555555555 0.3675282714054927 0.03333333333333333 0.03715670436187399
0 0.9261111111111111 0.33037156704361875 0.03222222222222222 0.04361873990306947
0 0.7183333333333334 0.8683360258481422 0.034444444444444444 0.03715670436187399
0 0.6638888888888889 0.28109854604200324 0.03222222222222222 0.045234248788368334
0 0.6138888888888889 0.7431340872374798 0.03222222222222222 0.03877221324717286
0 0.8205555555555556 0.154281098546042 0.034444444444444444 0.050080775444264945
0 0.09 0.14781906300484654 0.03777777777777778 0.046849757673667204
0 0.7161111111111111 0.4531502423263328 0.03666666666666667 0.04361873990306947
0 0.08722222222222223 0.364297253634895 0.03888888888888889 0.050080775444264945
0 0.8738888888888889 0.1518578352180937 0.034444444444444444 0.045234248788368334
0 0.6127777777777778 0.869951534733441 0.034444444444444444 0.04038772213247173
0 0.6122222222222222 0.4531502423263328 0.03111111111111111 0.03715670436187399
0 0.7172222222222222 0.9135702746365105 0.03666666666666667 0.046849757673667204
0 0.7694444444444445 0.3691437802907916 0.03 0.03715670436187399
0 0.665 0.9119547657512116 0.034444444444444444 0.046849757673667204
0 0.5111111111111111 0.3053311793214863 0.042222222222222223 0.03877221324717286
0 0.7172222222222222 0.784329563812601 0.034444444444444444 0.04038772213247173
0 0.08666666666666667 0.45153473344103395 0.035555555555555556 0.04361873990306947
0 0.08611111111111111 0.5363489499192245 0.03888888888888889 0.045234248788368334
0 0.77 0.8659127625201939 0.035555555555555556 0.045234248788368334
0 0.8727777777777778 0.32794830371567046 0.03222222222222222 0.03877221324717286
0 0.77 0.7431340872374798 0.03333333333333333 0.03877221324717286
0 0.08777777777777777 0.23909531502423265 0.035555555555555556 0.03877221324717286
0 0.8727777777777778 0.2859450726978998 0.03222222222222222 0.045234248788368334
0 0.08777777777777777 0.2802907915993538 0.03777777777777778 0.04361873990306947
0 0.7172222222222222 0.6583198707592892 0.034444444444444444 0.030694668820678513
0 0.08666666666666667 0.41033925686591277 0.035555555555555556 0.0420032310177706
0 0.08666666666666667 0.49192245557350567 0.035555555555555556 0.04038772213247173
0 0.7705555555555555 0.9135702746365105 0.03888888888888889 0.046849757673667204
0 0.7172222222222222 0.7455573505654282 0.03222222222222222 0.03715670436187399
0 0.8722222222222222 0.3667205169628433 0.03111111111111111 0.03877221324717286
0 0.08888888888888889 0.1938610662358643 0.035555555555555556 0.048465266558966075
0 0.715 0.2827140549273021 0.03 0.03877221324717286
0 0.5094444444444445 0.27140549273021003 0.04111111111111111 0.03231017770597738
0 0.08722222222222223 0.32148626817447495 0.03666666666666667 0.03877221324717286
0 0.6138888888888889 0.784329563812601 0.034444444444444444 0.04361873990306947
0 0.5094444444444445 0.23747980613893377 0.043333333333333335 0.035541195476575124
0 0.77 0.8263327948303716 0.035555555555555556 0.030694668820678513
0 0.51 0.172859450726979 0.042222222222222223 0.035541195476575124
0 0.6122222222222222 0.9111470113085622 0.03777777777777778 0.0420032310177706
0 0.5116666666666667 0.36995153473344106 0.043333333333333335 0.035541195476575124
0 0.09777777777777778 0.6147011308562197 0.02666666666666667 0.033925686591276254
0 0.51 0.20597738287560582 0.04666666666666667 0.027463651050080775
0 0.5105555555555555 0.3408723747980614 0.043333333333333335 0.03231017770597738
0 0.08555555555555555 0.5751211631663974 0.04 0.025848142164781908
0 0.5205555555555555 0.7205169628432956 0.021111111111111112 0.01938610662358643
0 0.51 0.4862681744749596 0.042222222222222223 0.029079159935379646
0 0.5211111111111111 0.752827140549273 0.021111111111111112 0.01615508885298869
0 0.5211111111111111 0.7374798061389337 0.01888888888888889 0.014539579967689823
0 0.6138888888888889 0.6615508885298869 0.034444444444444444 0.04038772213247173
0 0.7161111111111111 0.3263327948303716 0.034444444444444444 0.045234248788368334
0 0.5605555555555556 0.3675282714054927 0.03222222222222222 0.04038772213247173
0 0.6638888888888889 0.7051696284329564 0.03 0.04038772213247173
0 0.6122222222222222 0.41195476575121165 0.035555555555555556 0.0420032310177706
0 0.7688888888888888 0.659935379644588 0.035555555555555556 0.04038772213247173
0 0.6127777777777778 0.28190630048465265 0.03666666666666667 0.04361873990306947
0 0.7694444444444445 0.6187399030694669 0.034444444444444444 0.0420032310177706
0 0.8722222222222222 0.45395799676898224 0.03777777777777778 0.045234248788368334
0 0.8211111111111111 0.20113085621970922 0.035555555555555556 0.04361873990306947
0 0.6633333333333333 0.5751211631663974 0.03333333333333333 0.03877221324717286
0 0.8727777777777778 0.4087237479806139 0.034444444444444444 0.045234248788368334
0 0.6133333333333333 0.32794830371567046 0.035555555555555556 0.048465266558966075
0 0.6633333333333333 0.5339256865912763 0.03333333333333333 0.04038772213247173
0 0.9255555555555556 0.1518578352180937 0.03777777777777778 0.048465266558966075
0 0.7688888888888888 0.4079159935379645 0.028888888888888888 0.04038772213247173
0 0.6116666666666667 0.37318255250403876 0.034444444444444444 0.03877221324717286
0 0.5605555555555556 0.45395799676898224 0.034444444444444444 0.045234248788368334
0 0.5605555555555556 0.2827140549273021 0.034444444444444444 0.048465266558966075
0 0.6638888888888889 0.45153473344103395 0.03 0.03715670436187399
0 0.7177777777777777 0.8279483037156704 0.035555555555555556 0.04361873990306947
0 0.7694444444444445 0.20032310177705978 0.034444444444444444 0.0420032310177706
0 0.56 0.4991922455573506 0.03777777777777778 0.048465266558966075
0 0.7172222222222222 0.6203554119547657 0.03666666666666667 0.045234248788368334
0 0.7683333333333333 0.4491114701130856 0.03222222222222222 0.0420032310177706
0 0.7688888888888888 0.32794830371567046 0.03333333333333333 0.045234248788368334
0 0.9261111111111111 0.2859450726978998 0.03666666666666667 0.0420032310177706
0 0.6127777777777778 0.5791599353796446 0.03666666666666667 0.04038772213247173
0 0.6638888888888889 0.6623586429725363 0.034444444444444444 0.045234248788368334
0 0.6638888888888889 0.7867528271405493 0.034444444444444444 0.0420032310177706
0 0.7166666666666667 0.49434571890145396 0.03333333333333333 0.0420032310177706
0 0.6638888888888889 0.617124394184168 0.034444444444444444 0.045234248788368334
0 0.7694444444444445 0.5767366720516963 0.034444444444444444 0.0420032310177706
0 0.5605555555555556 0.32794830371567046 0.034444444444444444 0.0420032310177706
0 0.6644444444444444 0.4087237479806139 0.03111111111111111 0.045234248788368334
0 0.7161111111111111 0.4095315024232633 0.034444444444444444 0.04361873990306947
0 0.6122222222222222 0.49434571890145396 0.03333333333333333 0.045234248788368334
0 0.6127777777777778 0.5379644588045234 0.034444444444444444 0.0420032310177706
0 0.5088888888888888 0.4458804523424879 0.03777777777777778 0.045234248788368334
0 0.6627777777777778 0.4927302100161551 0.034444444444444444 0.0420032310177706
0 0.7172222222222222 0.5751211631663974 0.034444444444444444 0.045234248788368334
0 0.6627777777777778 0.327140549273021 0.034444444444444444 0.04361873990306947
0 0.8733333333333333 0.19789983844911146 0.03333333333333333 0.046849757673667204
0 0.56 0.4111470113085622 0.035555555555555556 0.04361873990306947
0 0.7688888888888888 0.2431340872374798 0.035555555555555556 0.04361873990306947