0 0.45222222222222225 0.28500823723228996 0.03333333333333333 0.042833607907743
0 0.8105555555555556 0.2841845140032949 0.034444444444444444 0.044481054365733116
0 0.40055555555555555 0.4917627677100494 0.034444444444444444 0.04118616144975288
0 0.34833333333333333 0.7833607907742999 0.034444444444444444 0.044481054365733116
0 0.4527777777777778 0.24052718286655683 0.034444444444444444 0.04612850082372323
0 0.34833333333333333 0.5321252059308073 0.034444444444444444 0.039538714991762765
0 0.605 0.7438220757825371 0.034444444444444444 0.04118616144975288
0 0.76 0.4110378912685338 0.03333333333333333 0.04118616144975288
0 0.6577777777777778 0.7421746293245469 0.03333333333333333 0.04118616144975288
0 0.40055555555555555 0.3673805601317957 0.034444444444444444 0.04612850082372323
0 0.24555555555555555 0.613673805601318 0.035555555555555556 0.047775947281713346
0 0.34833333333333333 0.6161449752883031 0.03222222222222222 0.042833607907743
0 0.5544444444444444 0.2833607907742998 0.03333333333333333 0.039538714991762765
0 0.6561111111111111 0.36902800658978585 0.034444444444444444 0.042833607907743
0 0.6055555555555555 0.45057660626029655 0.03333333333333333 0.04118616144975288
0 0.45166666666666666 0.8649093904448105 0.034444444444444444 0.04612850082372323
0 0.34944444444444445 0.3673805601317957 0.034444444444444444 0.042833607907743
0 0.7077777777777777 0.3261943986820428 0.03333333333333333 0.042833607907743
0 0.3488888888888889 0.49093904448105435 0.03333333333333333 0.042833607907743
0 0.3488888888888889 0.4102141680395387 0.03333333333333333 0.042833607907743
0 0.6566666666666666 0.4110378912685338 0.035555555555555556 0.04118616144975288
0 0.6561111111111111 0.2413509060955519 0.034444444444444444 0.044481054365733116
0 0.7594444444444445 0.15238879736408567 0.034444444444444444 0.047775947281713346
0 0.40055555555555555 0.5321252059308073 0.034444444444444444 0.042833607907743
0 0.2972222222222222 0.40939044481054365 0.034444444444444444 0.04118616144975288
0 0.6055555555555555 0.49341021416803954 0.03333333333333333 0.04118616144975288
0 0.6055555555555555 0.7833607907742999 0.035555555555555556 0.04118616144975288
0 0.6055555555555555 0.40939044481054365 0.03333333333333333 0.04118616144975288
0 0.45222222222222225 0.5757825370675453 0.03333333333333333 0.044481054365733116
0 0.7588888888888888 0.19934102141680396 0.035555555555555556 0.04612850082372323
0 0.34944444444444445 0.5741350906095551 0.03222222222222222 0.04118616144975288
0 0.24555555555555555 0.48929159802306427 0.035555555555555556 0.042833607907743
0 0.6061111111111112 0.36902800658978585 0.03222222222222222 0.042833607907743
0 0.6055555555555555 0.7009884678747941 0.035555555555555556 0.044481054365733116
0 0.6566666666666666 0.3261943986820428 0.035555555555555556 0.042833607907743
0 0.45222222222222225 0.3270181219110379 0.03333333333333333 0.04118616144975288
0 0.5555555555555556 0.5757825370675453 0.03333333333333333 0.04118616144975288
0 0.40055555555555555 0.5749588138385503 0.034444444444444444 0.042833607907743
0 0.5033333333333333 0.4439868204283361 0.04 0.044481054365733116
0 0.40166666666666667 0.45057660626029655 0.034444444444444444 0.04118616144975288
0 0.6066666666666667 0.3270181219110379 0.03333333333333333 0.04118616144975288
0 0.24444444444444444 0.7808896210873146 0.035555555555555556 0.042833607907743
0 0.5055555555555555 0.30724876441515653 0.042222222222222223 0.04118616144975288
0 0.505 0.27182866556836904 0.04111111111111111 0.032948929159802305
0 0.5038888888888889 0.23640856672158156 0.043333333333333335 0.03789126853377265
0 0.5055555555555555 0.34102141680395387 0.044444444444444446 0.02800658978583196
0 0.5038888888888889 0.20510708401976935 0.04555555555555556 0.02471169686985173
0 0.45166666666666666 0.8245469522240527 0.034444444444444444 0.02471169686985173
0 0.5166666666666667 0.7438220757825371 0.02 0.02800658978583196
0 0.09 0.3640856672158155 0.035555555555555556 0.042833607907743
0 0.1938888888888889 0.3640856672158155 0.03222222222222222 0.039538714991762765
0 0.5033333333333333 0.4876441515650741 0.03777777777777778 0.042833607907743
0 0.7594444444444445 0.5321252059308073 0.03222222222222222 0.036243822075782535
0 0.9172222222222223 0.9118616144975288 0.03888888888888889 0.047775947281713346
0 0.8616666666666667 0.5329489291598023 0.034444444444444444 0.04118616144975288
0 0.09 0.5321252059308073 0.035555555555555556 0.039538714991762765
0 0.9144444444444444 0.7413509060955519 0.03333333333333333 0.039538714991762765
0 0.9144444444444444 0.7825370675453048 0.03777777777777778 0.042833607907743
0 0.5044444444444445 0.13756177924217464 0.044444444444444446 0.03459637561779242
0 0.08944444444444444 0.7397034596375618 0.03222222222222222 0.036243822075782535
0 0.08944444444444444 0.8682042833607908 0.03666666666666667 0.039538714991762765
0 0.5066666666666667 0.371499176276771 0.042222222222222223 0.03459637561779242
0 0.76 0.7825370675453048 0.03333333333333333 0.039538714991762765
0 0.8111111111111111 0.7413509060955519 0.03333333333333333 0.039538714991762765
0 0.915 0.8237232289950577 0.03666666666666667 0.042833607907743
0 0.8111111111111111 0.657331136738056 0.03333333333333333 0.042833607907743
0 0.7605555555555555 0.8665568369028006 0.034444444444444444 0.042833607907743
0 0.9122222222222223 0.36820428336079075 0.035555555555555556 0.04118616144975288
0 0.7605555555555555 0.913509060955519 0.034444444444444444 0.044481054365733116
0 0.76 0.8245469522240527 0.03333333333333333 0.04118616144975288
0 0.9161111111111111 0.8673805601317958 0.03666666666666667 0.044481054365733116
0 0.76 0.699341021416804 0.03333333333333333 0.04118616144975288
0 0.9144444444444444 0.5749588138385503 0.03333333333333333 0.036243822075782535
0 0.08888888888888889 0.9126853377265239 0.035555555555555556 0.04612850082372323
0 0.9144444444444444 0.5354200988467874 0.03333333333333333 0.042833607907743
0 0.8111111111111111 0.6177924217462932 0.03333333333333333 0.039538714991762765
0 0.09 0.19439868204283361 0.035555555555555556 0.042833607907743
0 0.1938888888888889 0.5329489291598023 0.034444444444444444 0.04118616144975288
0 0.8105555555555556 0.7841845140032949 0.03666666666666667 0.04612850082372323
0 0.9122222222222223 0.3270181219110379 0.035555555555555556 0.04118616144975288
0 0.08944444444444444 0.8228995057660626 0.034444444444444444 0.044481054365733116
0 0.09 0.4060955518945634 0.03333333333333333 0.04118616144975288
0 0.555 0.5329489291598023 0.034444444444444444 0.04118616144975288
0 0.8105555555555556 0.5345963756177924 0.034444444444444444 0.03789126853377265
0 0.7605555555555555 0.7413509060955519 0.034444444444444444 0.042833607907743
0 0.8116666666666666 0.700164744645799 0.034444444444444444 0.042833607907743
0 0.2966666666666667 0.8237232289950577 0.03333333333333333 0.036243822075782535
0 0.9144444444444444 0.699341021416804 0.035555555555555556 0.04118616144975288
0 0.555 0.36820428336079075 0.03222222222222222 0.03459637561779242
0 0.08944444444444444 0.57166392092257 0.034444444444444444 0.039538714991762765
0 0.9133333333333333 0.40939044481054365 0.035555555555555556 0.04118616144975288
0 0.24444444444444444 0.8657331136738056 0.03111111111111111 0.03789126853377265
0 0.9111111111111111 0.2808896210873147 0.035555555555555556 0.047775947281713346
0 0.2966666666666667 0.5329489291598023 0.03111111111111111 0.04118616144975288
0 0.6561111111111111 0.5345963756177924 0.034444444444444444 0.04118616144975288
0 0.6572222222222223 0.700164744645799 0.03 0.039538714991762765
0 0.34833333333333333 0.45057660626029655 0.03 0.03459637561779242
0 0.45222222222222225 0.19192751235584843 0.03111111111111111 0.044481054365733116
0 0.9144444444444444 0.6589785831960461 0.035555555555555556 0.039538714991762765
0 0.09055555555555556 0.4917627677100494 0.034444444444444444 0.04118616144975288
0 0.45111111111111113 0.9102141680395387 0.03333333333333333 0.04118616144975288
0 0.9127777777777778 0.4497528830313015 0.034444444444444444 0.039538714991762765
0 0.45222222222222225 0.5329489291598023 0.03333333333333333 0.04118616144975288
0 0.09 0.2397034596375618 0.035555555555555556 0.044481054365733116
0 0.8616666666666667 0.5782537067545305 0.034444444444444444 0.04612850082372323
0 0.76 0.657331136738056 0.03333333333333333 0.042833607907743
0 0.08888888888888889 0.6128500823723229 0.035555555555555556 0.042833607907743
0 0.8105555555555556 0.4110378912685338 0.03222222222222222 0.03789126853377265
0 0.09 0.699341021416804 0.035555555555555556 0.04118616144975288
0 0.08944444444444444 0.657331136738056 0.034444444444444444 0.042833607907743
0 0.09055555555555556 0.44810543657331137 0.034444444444444444 0.039538714991762765
0 0.8622222222222222 0.4514003294892916 0.03333333333333333 0.039538714991762765
0 0.8111111111111111 0.5766062602965404 0.03333333333333333 0.042833607907743
0 0.08944444444444444 0.7784184514003295 0.034444444444444444 0.044481054365733116
0 0.555 0.8673805601317958 0.03222222222222222 0.04118616144975288
0 0.7083333333333334 0.742998352553542 0.03222222222222222 0.039538714991762765
0 0.9144444444444444 0.6153212520593081 0.035555555555555556 0.044481054365733116
0 0.7083333333333334 0.8261943986820428 0.03222222222222222 0.04118616144975288
0 0.7077777777777777 0.5337726523887973 0.03111111111111111 0.039538714991762765
0 0.34833333333333333 0.700164744645799 0.034444444444444444 0.039538714991762765
0 0.9138888888888889 0.49341021416803954 0.034444444444444444 0.04118616144975288
0 0.4 0.8673805601317958 0.035555555555555556 0.03789126853377265
0 0.7594444444444445 0.6153212520593081 0.034444444444444444 0.04118616144975288
0 0.6583333333333333 0.9126853377265239 0.034444444444444444 0.04612850082372323
0 0.7594444444444445 0.4497528830313015 0.03222222222222222 0.036243822075782535
0 0.245 0.5724876441515651 0.034444444444444444 0.03459637561779242
0 0.5033333333333333 0.17298187808896212 0.042222222222222223 0.039538714991762765
0 0.2972222222222222 0.700164744645799 0.034444444444444444 0.042833607907743
0 0.7083333333333334 0.913509060955519 0.034444444444444444 0.047775947281713346
0 0.24444444444444444 0.7397034596375618 0.03333333333333333 0.039538714991762765
0 0.5555555555555556 0.9118616144975288 0.03333333333333333 0.044481054365733116
0 0.7083333333333334 0.5741350906095551 0.03222222222222222 0.04118616144975288
0 0.45166666666666666 0.657331136738056 0.03222222222222222 0.039538714991762765
0 0.2966666666666667 0.7397034596375618 0.03333333333333333 0.039538714991762765
0 0.7077777777777777 0.36655683690280066 0.03333333333333333 0.03789126853377265
0 0.6066666666666667 0.2841845140032949 0.028888888888888888 0.04118616144975288
0 0.5544444444444444 0.700164744645799 0.03333333333333333 0.039538714991762765
0 0.5544444444444444 0.7825370675453048 0.03111111111111111 0.039538714991762765
0 0.7083333333333334 0.7009884678747941 0.034444444444444444 0.04118616144975288
0 0.14222222222222222 0.19439868204283361 0.03333333333333333 0.042833607907743
0 0.14277777777777778 0.3657331136738056 0.03666666666666667 0.042833607907743
0 0.14166666666666666 0.23887973640856672 0.034444444444444444 0.042833607907743
0 0.7083333333333334 0.7841845140032949 0.034444444444444444 0.042833607907743
0 0.8616666666666667 0.3698517298187809 0.034444444444444444 0.04118616144975288
0 0.7088888888888889 0.8673805601317958 0.035555555555555556 0.04118616144975288
0 0.09 0.3237232289950577 0.035555555555555556 0.04118616144975288
0 0.29777777777777775 0.9102141680395387 0.035555555555555556 0.044481054365733116
0 0.555 0.19439868204283361 0.03222222222222222 0.04612850082372323
0 0.34833333333333333 0.8245469522240527 0.03222222222222222 0.04118616144975288
0 0.09111111111111111 0.1515650741350906 0.035555555555555556 0.042833607907743
0 0.245 0.45057660626029655 0.034444444444444444 0.03789126853377265
0 0.19277777777777777 0.6128500823723229 0.03222222222222222 0.042833607907743
0 0.8616666666666667 0.4102141680395387 0.034444444444444444 0.039538714991762765
0 0.3488888888888889 0.2775947281713344 0.03333333333333333 0.04118616144975288
0 0.555 0.6161449752883031 0.03222222222222222 0.039538714991762765
0 0.09055555555555556 0.2833607907742998 0.034444444444444444 0.039538714991762765
0 0.8611111111111112 0.328665568369028 0.03333333333333333 0.04118616144975288
0 0.19333333333333333 0.3245469522240527 0.03333333333333333 0.039538714991762765
0 0.8611111111111112 0.2833607907742998 0.03333333333333333 0.04612850082372323
0 0.24388888888888888 0.9102141680395387 0.03666666666666667 0.044481054365733116
0 0.19333333333333333 0.4497528830313015 0.03333333333333333 0.039538714991762765
0 0.6577777777777778 0.8665568369028006 0.03333333333333333 0.039538714991762765
0 0.1938888888888889 0.5724876441515651 0.03222222222222222 0.04118616144975288
0 0.7072222222222222 0.19522240527182866 0.03222222222222222 0.047775947281713346
0 0.3477777777777778 0.8657331136738056 0.03333333333333333 0.04118616144975288
0 0.3488888888888889 0.7405271828665568 0.03333333333333333 0.04118616144975288
0 0.2966666666666667 0.6144975288303131 0.03333333333333333 0.039538714991762765
0 0.45166666666666666 0.78665568369028 0.034444444444444444 0.044481054365733116
0 0.1938888888888889 0.7421746293245469 0.034444444444444444 0.044481054365733116
0 0.6055555555555555 0.913509060955519 0.035555555555555556 0.044481054365733116
0 0.1938888888888889 0.6976935749588138 0.034444444444444444 0.044481054365733116
0 0.555 0.7413509060955519 0.03222222222222222 0.039538714991762765
0 0.39944444444444444 0.3245469522240527 0.03 0.036243822075782535
0 0.4 0.9110378912685337 0.035555555555555556 0.04612850082372323
0 0.7594444444444445 0.5733113673805601 0.03222222222222222 0.042833607907743
0 0.2966666666666667 0.45057660626029655 0.03333333333333333 0.03789126853377265
0 0.2972222222222222 0.657331136738056 0.03222222222222222 0.042833607907743
0 0.45166666666666666 0.6169686985172982 0.034444444444444444 0.04118616144975288
0 0.34833333333333333 0.9093904448105437 0.034444444444444444 0.04612850082372323
0 0.1938888888888889 0.6565074135090609 0.034444444444444444 0.044481054365733116
0 0.8622222222222222 0.4917627677100494 0.035555555555555556 0.04118616144975288
0 0.7083333333333334 0.6169686985172982 0.034444444444444444 0.04118616144975288
0 0.6055555555555555 0.6169686985172982 0.03333333333333333 0.04118616144975288
0 0.6061111111111112 0.5337726523887973 0.034444444444444444 0.039538714991762765
0 0.2972222222222222 0.8640856672158155 0.034444444444444444 0.044481054365733116
0 0.24555555555555555 0.3657331136738056 0.03333333333333333 0.042833607907743
0 0.24555555555555555 0.2800658978583196 0.03333333333333333 0.04612850082372323
0 0.24444444444444444 0.8245469522240527 0.035555555555555556 0.044481054365733116
0 0.7083333333333334 0.6589785831960461 0.03222222222222222 0.042833607907743
0 0.14277777777777778 0.3237232289950577 0.034444444444444444 0.04118616144975288
0 0.555 0.24052718286655683 0.034444444444444444 0.042833607907743
0 0.45222222222222225 0.3673805601317957 0.03333333333333333 0.039538714991762765
0 0.2972222222222222 0.4925864909390445 0.03222222222222222 0.039538714991762765
0 0.2972222222222222 0.3673805601317957 0.034444444444444444 0.042833607907743
0 0.81 0.2413509060955519 0.03333333333333333 0.03789126853377265
0 0.8105555555555556 0.3270181219110379 0.034444444444444444 0.03789126853377265
0 0.24388888888888888 0.6985172981878089 0.034444444444444444 0.042833607907743
0 0.14166666666666666 0.4085667215815486 0.03666666666666667 0.04612850082372323
0 0.24444444444444444 0.3245469522240527 0.03333333333333333 0.039538714991762765
0 0.655 0.19439868204283361 0.034444444444444444 0.04612850082372323
0 0.2966666666666667 0.7825370675453048 0.035555555555555556 0.042833607907743
0 0.605 0.24052718286655683 0.03222222222222222 0.042833607907743
0 0.7072222222222222 0.4489291598023064 0.03222222222222222 0.04118616144975288
0 0.555 0.3270181219110379 0.03222222222222222 0.044481054365733116
0 0.76 0.4917627677100494 0.03333333333333333 0.044481054365733116
0 0.8105555555555556 0.4514003294892916 0.034444444444444444 0.042833607907743
0 0.45166666666666666 0.7413509060955519 0.034444444444444444 0.042833607907743
0 0.6566666666666666 0.4514003294892916 0.035555555555555556 0.042833607907743
0 0.19277777777777777 0.40691927512355847 0.034444444444444444 0.042833607907743
0 0.6055555555555555 0.6589785831960461 0.03333333333333333 0.039538714991762765
0 0.19333333333333333 0.49093904448105435 0.03333333333333333 0.042833607907743
0 0.8105555555555556 0.49341021416803954 0.034444444444444444 0.044481054365733116
0 0.14277777777777778 0.15074135090609556 0.034444444444444444 0.044481054365733116
0 0.14222222222222222 0.28171334431630973 0.03333333333333333 0.039538714991762765
0 0.4527777777777778 0.4085667215815486 0.03222222222222222 0.039538714991762765
0 0.245 0.658154859967051 0.034444444444444444 0.04118616144975288
0 0.4 0.7421746293245469 0.03333333333333333 0.04118616144975288
0 0.4 0.6589785831960461 0.03333333333333333 0.042833607907743
0 0.45166666666666666 0.6985172981878089 0.034444444444444444 0.042833607907743
0 0.4 0.700164744645799 0.035555555555555556 0.042833607907743
0 0.76 0.3698517298187809 0.03111111111111111 0.04118616144975288
0 0.4 0.28171334431630973 0.03333333333333333 0.04612850082372323
0 0.3488888888888889 0.3228995057660626 0.03111111111111111 0.042833607907743
0 0.1938888888888889 0.2808896210873147 0.034444444444444444 0.047775947281713346
0 0.39944444444444444 0.7841845140032949 0.034444444444444444 0.042833607907743
0 0.555 0.4085667215815486 0.034444444444444444 0.039538714991762765
0 0.6055555555555555 0.19357495881383854 0.03333333333333333 0.047775947281713346
0 0.40055555555555555 0.4102141680395387 0.034444444444444444 0.039538714991762765
0 0.5544444444444444 0.45057660626029655 0.03333333333333333 0.04118616144975288
0 0.6061111111111112 0.5749588138385503 0.034444444444444444 0.042833607907743
0 0.555 0.8253706754530478 0.03222222222222222 0.042833607907743
0 0.6566666666666666 0.49341021416803954 0.035555555555555556 0.04118616144975288
0 0.14222222222222222 0.4538714991762768 0.035555555555555556 0.044481054365733116
0 0.6566666666666666 0.5757825370675453 0.03333333333333333 0.04118616144975288
0 0.7072222222222222 0.24217462932454695 0.03222222222222222 0.04612850082372323
0 0.6572222222222223 0.7833607907742999 0.03222222222222222 0.04118616144975288
0 0.8094444444444444 0.15238879736408567 0.034444444444444444 0.047775947281713346
0 0.555 0.658154859967051 0.03222222222222222 0.04118616144975288
0 0.2972222222222222 0.5741350906095551 0.03222222222222222 0.04118616144975288
0 0.7066666666666667 0.49341021416803954 0.03333333333333333 0.04118616144975288
0 0.8094444444444444 0.200164744645799 0.034444444444444444 0.044481054365733116
0 0.6055555555555555 0.8690280065897859 0.035555555555555556 0.044481054365733116
0 0.81 0.36902800658978585 0.03333333333333333 0.04612850082372323
0 0.6566666666666666 0.6169686985172982 0.03333333333333333 0.04118616144975288
0 0.2961111111111111 0.2808896210873147 0.034444444444444444 0.047775947281713346
0 0.4011111111111111 0.6169686985172982 0.03333333333333333 0.04118616144975288
0 0.76 0.28500823723228996 0.03111111111111111 0.039538714991762765
0 0.6566666666666666 0.28500823723228996 0.03333333333333333 0.039538714991762765
0 0.245 0.4102141680395387 0.03666666666666667 0.042833607907743
0 0.6577777777777778 0.6589785831960461 0.03333333333333333 0.039538714991762765
0 0.45222222222222225 0.4917627677100494 0.03333333333333333 0.04118616144975288
0 0.6055555555555555 0.8253706754530478 0.035555555555555556 0.042833607907743
0 0.2961111111111111 0.32537067545304776 0.034444444444444444 0.04118616144975288
0 0.555 0.4917627677100494 0.034444444444444444 0.04118616144975288
0 0.39944444444444444 0.8270181219110379 0.034444444444444444 0.042833607907743
0 0.7066666666666667 0.40774299835255357 0.03333333333333333 0.04118616144975288
0 0.7594444444444445 0.3270181219110379 0.03222222222222222 0.044481054365733116
0 0.7077777777777777 0.28500823723228996 0.03333333333333333 0.039538714991762765
0 0.45222222222222225 0.4497528830313015 0.03333333333333333 0.042833607907743
0 0.76 0.24299835255354202 0.03333333333333333 0.04118616144975288
0 0.34833333333333333 0.6598023064250412 0.03222222222222222 0.04118616144975288
0 0.6577777777777778 0.8261943986820428 0.03333333333333333 0.04118616144975288
0 0.245 0.5321252059308073 0.034444444444444444 0.042833607907743