0 0.86 0.7454695222405272 0.035555555555555556 0.04118616144975288
0 0.29388888888888887 0.32948929159802304 0.034444444444444444 0.042833607907743
0 0.6033333333333334 0.8690280065897859 0.035555555555555556 0.044481054365733116
0 0.9122222222222223 0.8294892915980231 0.03777777777777778 0.044481054365733116
0 0.08722222222222223 0.8270181219110379 0.034444444444444444 0.039538714991762765
0 0.8572222222222222 0.28665568369028005 0.034444444444444444 0.036243822075782535
0 0.19111111111111112 0.49670510708401977 0.03333333333333333 0.03789126853377265
0 0.6044444444444445 0.7051070840197694 0.035555555555555556 0.039538714991762765
0 0.1388888888888889 0.8294892915980231 0.035555555555555556 0.04118616144975288
0 0.08666666666666667 0.4958813838550247 0.035555555555555556 0.039538714991762765
0 0.08722222222222223 0.785831960461285 0.03666666666666667 0.039538714991762765
0 0.19055555555555556 0.5362438220757826 0.034444444444444444 0.044481054365733116
0 0.19055555555555556 0.5782537067545305 0.034444444444444444 0.039538714991762765
0 0.24222222222222223 0.8303130148270181 0.03777777777777778 0.039538714991762765
0 0.7038888888888889 0.4110378912685338 0.034444444444444444 0.04118616144975288
0 0.8577777777777778 0.3698517298187809 0.035555555555555556 0.03789126853377265
0 0.13944444444444445 0.45222405271828664 0.034444444444444444 0.03789126853377265
0 0.3466666666666667 0.3698517298187809 0.03333333333333333 0.04118616144975288
0 0.8066666666666666 0.32784184514003295 0.035555555555555556 0.039538714991762765
0 0.7577777777777778 0.5757825370675453 0.035555555555555556 0.044481054365733116
0 0.08722222222222223 0.4110378912685338 0.03666666666666667 0.04118616144975288
0 0.8583333333333333 0.6647446457990115 0.034444444444444444 0.03789126853377265
0 0.39666666666666667 0.914332784184514 0.03333333333333333 0.04612850082372323
0 0.13833333333333334 0.7454695222405272 0.034444444444444444 0.04118616144975288
0 0.5516666666666666 0.8690280065897859 0.03222222222222222 0.04118616144975288
0 0.2411111111111111 0.36820428336079075 0.035555555555555556 0.04118616144975288
0 0.8583333333333333 0.45304777594728174 0.03666666666666667 0.042833607907743
0 0.6016666666666667 0.32948929159802304 0.034444444444444444 0.039538714991762765
0 0.6522222222222223 0.3270181219110379 0.03333333333333333 0.044481054365733116
0 0.08777777777777777 0.5362438220757826 0.035555555555555556 0.04118616144975288
0 0.4494444444444444 0.7009884678747941 0.034444444444444444 0.03789126853377265
0 0.8594444444444445 0.8690280065897859 0.034444444444444444 0.044481054365733116
0 0.7577777777777778 0.8698517298187809 0.035555555555555556 0.042833607907743
0 0.8594444444444445 0.7051070840197694 0.034444444444444444 0.042833607907743
0 0.3977777777777778 0.328665568369028 0.035555555555555556 0.04118616144975288
0 0.08777777777777777 0.6194398682042833 0.035555555555555556 0.042833607907743
0 0.6033333333333334 0.9126853377265239 0.035555555555555556 0.04612850082372323
0 0.24222222222222223 0.24464579901153213 0.035555555555555556 0.04118616144975288
0 0.7572222222222222 0.6202635914332785 0.03666666666666667 0.04118616144975288
0 0.8588888888888889 0.5345963756177924 0.035555555555555556 0.04118616144975288
0 0.08722222222222223 0.3270181219110379 0.034444444444444444 0.04118616144975288
0 0.39666666666666667 0.8682042833607908 0.03333333333333333 0.042833607907743
0 0.5511111111111111 0.828665568369028 0.03333333333333333 0.039538714991762765
0 0.19055555555555556 0.7454695222405272 0.034444444444444444 0.03789126853377265
0 0.13833333333333334 0.78665568369028 0.034444444444444444 0.04118616144975288
0 0.7044444444444444 0.4514003294892916 0.035555555555555556 0.042833607907743
0 0.8072222222222222 0.36820428336079075 0.034444444444444444 0.04118616144975288
0 0.7033333333333334 0.328665568369028 0.035555555555555556 0.044481054365733116
0 0.29388888888888887 0.3723228995057661 0.03666666666666667 0.042833607907743
0 0.6022222222222222 0.4126853377265239 0.03333333333333333 0.04118616144975288
0 0.8077777777777778 0.6210873146622735 0.03333333333333333 0.039538714991762765
0 0.7561111111111111 0.40939044481054365 0.034444444444444444 0.03789126853377265
0 0.81 0.9118616144975288 0.035555555555555556 0.044481054365733116
0 0.8566666666666667 0.24546952224052718 0.035555555555555556 0.042833607907743
0 0.29333333333333333 0.4135090609555189 0.035555555555555556 0.039538714991762765
0 0.08722222222222223 0.36902800658978585 0.03666666666666667 0.042833607907743
0 0.08722222222222223 0.5774299835255354 0.034444444444444444 0.04118616144975288
0 0.7577777777777778 0.7883031301482701 0.03333333333333333 0.04118616144975288
0 0.3972222222222222 0.4126853377265239 0.034444444444444444 0.044481054365733116
0 0.4483333333333333 0.41186161449752884 0.03222222222222222 0.039538714991762765
0 0.6038888888888889 0.8261943986820428 0.034444444444444444 0.04118616144975288
0 0.13944444444444445 0.5362438220757826 0.034444444444444444 0.04118616144975288
0 0.8088888888888889 0.6630971993410214 0.035555555555555556 0.044481054365733116
0 0.8094444444444444 0.7446457990115322 0.034444444444444444 0.042833607907743
0 0.2411111111111111 0.9118616144975288 0.035555555555555556 0.047775947281713346
0 0.8077777777777778 0.4942339373970346 0.03333333333333333 0.042833607907743
0 0.5505555555555556 0.28665568369028005 0.034444444444444444 0.036243822075782535
0 0.8094444444444444 0.785831960461285 0.034444444444444444 0.039538714991762765
0 0.34555555555555556 0.5757825370675453 0.03333333333333333 0.03789126853377265
0 0.6038888888888889 0.7446457990115322 0.034444444444444444 0.042833607907743
0 0.7572222222222222 0.7042833607907742 0.03666666666666667 0.044481054365733116
0 0.24166666666666667 0.32784184514003295 0.034444444444444444 0.042833607907743
0 0.4483333333333333 0.8682042833607908 0.034444444444444444 0.039538714991762765
0 0.19111111111111112 0.3673805601317957 0.035555555555555556 0.042833607907743
0 0.6016666666666667 0.4942339373970346 0.034444444444444444 0.039538714991762765
0 0.13944444444444445 0.3698517298187809 0.034444444444444444 0.044481054365733116
0 0.3466666666666667 0.8690280065897859 0.035555555555555556 0.04118616144975288
0 0.2427777777777778 0.78665568369028 0.03666666666666667 0.044481054365733116
0 0.6011111111111112 0.200164744645799 0.035555555555555556 0.044481054365733116
0 0.8577777777777778 0.4110378912685338 0.035555555555555556 0.04118616144975288
0 0.8588888888888889 0.6235584843492586 0.035555555555555556 0.044481054365733116
0 0.18944444444444444 0.2841845140032949 0.034444444444444444 0.04118616144975288
0 0.3977777777777778 0.4958813838550247 0.03777777777777778 0.039538714991762765
0 0.6511111111111111 0.19934102141680396 0.035555555555555556 0.042833607907743
0 0.24166666666666667 0.7059308072487644 0.034444444444444444 0.03789126853377265
0 0.7572222222222222 0.6630971993410214 0.03666666666666667 0.04118616144975288
0 0.7577777777777778 0.7462932454695222 0.035555555555555556 0.042833607907743
0 0.3972222222222222 0.45634266886326197 0.034444444444444444 0.039538714991762765
0 0.1388888888888889 0.6177924217462932 0.035555555555555556 0.042833607907743
0 0.6016666666666667 0.28665568369028005 0.03222222222222222 0.042833607907743
0 0.8077777777777778 0.4110378912685338 0.03333333333333333 0.04118616144975288
0 0.24166666666666667 0.5362438220757826 0.03666666666666667 0.04118616144975288
0 0.3461111111111111 0.8278418451400329 0.034444444444444444 0.04118616144975288
0 0.29388888888888887 0.28500823723228996 0.03222222222222222 0.04612850082372323
0 0.19111111111111112 0.7051070840197694 0.035555555555555556 0.042833607907743
0 0.24222222222222223 0.4950576606260296 0.035555555555555556 0.04118616144975288
0 0.8566666666666667 0.14991762767710048 0.035555555555555556 0.04612850082372323
0 0.7561111111111111 0.33031301482701814 0.034444444444444444 0.04118616144975288
0 0.4483333333333333 0.9118616144975288 0.03666666666666667 0.047775947281713346
0 0.3461111111111111 0.33031301482701814 0.03666666666666667 0.04118616144975288
0 0.6516666666666666 0.15321252059308071 0.03666666666666667 0.04612850082372323
0 0.6022222222222222 0.4546952224052718 0.03333333333333333 0.039538714991762765
0 0.3466666666666667 0.9126853377265239 0.03777777777777778 0.04612850082372323
0 0.18944444444444444 0.6630971993410214 0.03666666666666667 0.04118616144975288
0 0.6016666666666667 0.24299835255354202 0.034444444444444444 0.044481054365733116
0 0.14 0.2833607907742998 0.03333333333333333 0.04612850082372323
0 0.39666666666666667 0.7421746293245469 0.03333333333333333 0.04118616144975288
0 0.6016666666666667 0.15403624382207579 0.034444444444444444 0.047775947281713346
0 0.3972222222222222 0.5370675453047776 0.03666666666666667 0.042833607907743
0 0.19055555555555556 0.78500823723229 0.034444444444444444 0.04118616144975288
0 0.8594444444444445 0.5782537067545305 0.03666666666666667 0.04612850082372323
0 0.34555555555555556 0.6630971993410214 0.03333333333333333 0.04118616144975288
0 0.2427777777777778 0.15238879736408567 0.03666666666666667 0.047775947281713346
0 0.4477777777777778 0.7874794069192751 0.03333333333333333 0.039538714991762765
0 0.3972222222222222 0.3698517298187809 0.034444444444444444 0.04118616144975288
0 0.24166666666666667 0.7454695222405272 0.034444444444444444 0.04118616144975288
0 0.8077777777777778 0.5782537067545305 0.03333333333333333 0.042833607907743
0 0.29388888888888887 0.45634266886326197 0.03666666666666667 0.042833607907743
0 0.2427777777777778 0.4546952224052718 0.03666666666666667 0.042833607907743
0 0.5005555555555555 0.4472817133443163 0.04111111111111111 0.044481054365733116
0 0.7555555555555555 0.37067545304777594 0.035555555555555556 0.039538714991762765
0 0.4488888888888889 0.6622734761120264 0.03111111111111111 0.042833607907743
0 0.7555555555555555 0.4489291598023064 0.035555555555555556 0.04118616144975288
0 0.8088888888888889 0.8261943986820428 0.035555555555555556 0.04118616144975288
0 0.19055555555555556 0.8690280065897859 0.03666666666666667 0.04118616144975288
0 0.3461111111111111 0.78665568369028 0.03222222222222222 0.04118616144975288
0 0.6516666666666666 0.24382207578253706 0.034444444444444444 0.04612850082372323
0 0.3466666666666667 0.7059308072487644 0.035555555555555556 0.04118616144975288
0 0.34555555555555556 0.5378912685337727 0.03111111111111111 0.04118616144975288
0 0.24166666666666667 0.4110378912685338 0.03666666666666667 0.044481054365733116
0 0.5122222222222222 0.7487644151565074 0.02 0.02800658978583196
0 0.12611111111111112 0.8706754530477759 0.023333333333333334 0.03789126853377265
0 0.5011111111111111 0.342668863261944 0.044444444444444446 0.032948929159802305
0 0.9227777777777778 0.32784184514003295 0.021111111111111112 0.032948929159802305
0 0.39666666666666667 0.7026359143327842 0.03111111111111111 0.03789126853377265
0 0.9 0.328665568369028 0.02666666666666667 0.03789126853377265
0 0.6027777777777777 0.5807248764415156 0.034444444444444444 0.047775947281713346
0 0.5 0.49093904448105435 0.04 0.039538714991762765
0 0.91 0.3673805601317957 0.03777777777777778 0.042833607907743
0 0.8077777777777778 0.5345963756177924 0.03333333333333333 0.03789126853377265
0 0.5011111111111111 0.20922570016474465 0.04666666666666667 0.029654036243822075
0 0.10111111111111111 0.2841845140032949 0.022222222222222223 0.03459637561779242
0 0.15222222222222223 0.8698517298187809 0.02 0.036243822075782535
0 0.9122222222222223 0.7042833607907742 0.035555555555555556 0.04118616144975288
0 0.5005555555555555 0.1771004942339374 0.043333333333333335 0.03789126853377265
0 0.9105555555555556 0.4489291598023064 0.034444444444444444 0.03789126853377265
0 0.5011111111111111 0.2751235584843493 0.044444444444444446 0.032948929159802305
0 0.5016666666666667 0.3723228995057661 0.043333333333333335 0.036243822075782535
0 0.6038888888888889 0.6219110378912686 0.034444444444444444 0.03130148270181219
0 0.12611111111111112 0.914332784184514 0.023333333333333334 0.036243822075782535
0 0.08722222222222223 0.913509060955519 0.034444444444444444 0.044481054365733116
0 0.9111111111111111 0.5345963756177924 0.03777777777777778 0.044481054365733116
0 0.5016666666666667 0.14250411861614498 0.04555555555555556 0.03459637561779242
0 0.15222222222222223 0.913509060955519 0.022222222222222223 0.03789126853377265
0 0.6038888888888889 0.78500823723229 0.03222222222222222 0.03789126853377265
0 0.9111111111111111 0.49093904448105435 0.035555555555555556 0.042833607907743
0 0.8594444444444445 0.8270181219110379 0.034444444444444444 0.036243822075782535
0 0.9122222222222223 0.871499176276771 0.03777777777777778 0.042833607907743
0 0.24222222222222223 0.8698517298187809 0.035555555555555556 0.032948929159802305
0 0.07555555555555556 0.28665568369028005 0.022222222222222223 0.036243822075782535
0 0.6027777777777777 0.5370675453047776 0.034444444444444444 0.042833607907743
0 0.5 0.24217462932454695 0.044444444444444446 0.039538714991762765
0 0.6516666666666666 0.28747940691927515 0.034444444444444444 0.03459637561779242
0 0.91 0.40939044481054365 0.035555555555555556 0.04118616144975288
0 0.9122222222222223 0.9151565074135091 0.03777777777777778 0.044481054365733116
0 0.8077777777777778 0.45222405271828664 0.03333333333333333 0.04118616144975288
0 0.5516666666666666 0.9126853377265239 0.034444444444444444 0.04612850082372323
0 0.8094444444444444 0.7042833607907742 0.034444444444444444 0.03789126853377265
0 0.9122222222222223 0.7446457990115322 0.03777777777777778 0.042833607907743
0 0.7577777777777778 0.5329489291598023 0.035555555555555556 0.03789126853377265
0 0.5516666666666666 0.5799011532125206 0.03222222222222222 0.039538714991762765
0 0.08722222222222223 0.7446457990115322 0.03666666666666667 0.042833607907743
0 0.8583333333333333 0.49341021416803954 0.034444444444444444 0.04118616144975288
0 0.1388888888888889 0.5757825370675453 0.03333333333333333 0.03789126853377265
0 0.9094444444444445 0.2833607907742998 0.03666666666666667 0.04942339373970346
0 0.08722222222222223 0.6622734761120264 0.03666666666666667 0.039538714991762765
0 0.9116666666666666 0.6639209225700164 0.034444444444444444 0.039538714991762765
0 0.8594444444444445 0.914332784184514 0.03666666666666667 0.042833607907743
0 0.9116666666666666 0.6202635914332785 0.03666666666666667 0.044481054365733116
0 0.13833333333333334 0.7051070840197694 0.034444444444444444 0.039538714991762765
0 0.86 0.78665568369028 0.03333333333333333 0.03789126853377265
0 0.3972222222222222 0.6219110378912686 0.034444444444444444 0.04118616144975288
0 0.24222222222222223 0.285831960461285 0.035555555555555556 0.03789126853377265
0 0.08722222222222223 0.7034596375617792 0.03666666666666667 0.042833607907743
0 0.08777777777777777 0.8682042833607908 0.03777777777777778 0.042833607907743
0 0.5016666666666667 0.30971993410214166 0.043333333333333335 0.039538714991762765
0 0.9116666666666666 0.5782537067545305 0.03666666666666667 0.042833607907743
0 0.9122222222222223 0.785831960461285 0.035555555555555556 0.042833607907743
0 0.1388888888888889 0.4135090609555189 0.035555555555555556 0.042833607907743
0 0.13944444444444445 0.32784184514003295 0.034444444444444444 0.042833607907743
0 0.5527777777777778 0.6210873146622735 0.03222222222222222 0.042833607907743
0 0.7033333333333334 0.3698517298187809 0.035555555555555556 0.04118616144975288
0 0.4483333333333333 0.3270181219110379 0.034444444444444444 0.04118616144975288
0 0.6033333333333334 0.6630971993410214 0.03777777777777778 0.044481054365733116
0 0.19111111111111112 0.913509060955519 0.03777777777777778 0.047775947281713346
0 0.08666666666666667 0.4538714991762768 0.03777777777777778 0.044481054365733116
0 0.4483333333333333 0.8270181219110379 0.034444444444444444 0.042833607907743
0 0.8088888888888889 0.8682042833607908 0.035555555555555556 0.042833607907743
0 0.8061111111111111 0.285831960461285 0.034444444444444444 0.044481054365733116
0 0.5516666666666666 0.7454695222405272 0.034444444444444444 0.04118616144975288
0 0.8566666666666667 0.328665568369028 0.03777777777777778 0.044481054365733116
0 0.3972222222222222 0.785831960461285 0.034444444444444444 0.042833607907743
0 0.7572222222222222 0.4925864909390445 0.03666666666666667 0.042833607907743
0 0.19111111111111112 0.45634266886326197 0.035555555555555556 0.042833607907743
0 0.5522222222222222 0.5378912685337727 0.035555555555555556 0.044481054365733116
0 0.6011111111111112 0.37067545304777594 0.03111111111111111 0.039538714991762765
0 0.7588888888888888 0.828665568369028 0.03333333333333333 0.039538714991762765
0 0.3983333333333333 0.6630971993410214 0.034444444444444444 0.04118616144975288
0 0.4488888888888889 0.5774299835255354 0.03333333333333333 0.04118616144975288
0 0.3972222222222222 0.5782537067545305 0.03666666666666667 0.042833607907743
0 0.19 0.6202635914332785 0.035555555555555556 0.044481054365733116
0 0.5511111111111111 0.371499176276771 0.03333333333333333 0.04118616144975288
0 0.7027777777777777 0.2841845140032949 0.034444444444444444 0.047775947281713346
0 0.4483333333333333 0.5370675453047776 0.034444444444444444 0.042833607907743
0 0.3461111111111111 0.45304777594728174 0.034444444444444444 0.042833607907743
0 0.5511111111111111 0.4126853377265239 0.03333333333333333 0.04118616144975288
0 0.13833333333333334 0.6622734761120264 0.034444444444444444 0.042833607907743
0 0.19111111111111112 0.8278418451400329 0.035555555555555556 0.04118616144975288
0 0.2411111111111111 0.5790774299835255 0.035555555555555556 0.04118616144975288
0 0.4483333333333333 0.4546952224052718 0.03222222222222222 0.042833607907743
0 0.4477777777777778 0.6194398682042833 0.03333333333333333 0.042833607907743
0 0.19111111111111112 0.32537067545304776 0.035555555555555556 0.04118616144975288
0 0.3972222222222222 0.2841845140032949 0.034444444444444444 0.047775947281713346
0 0.8572222222222222 0.19934102141680396 0.034444444444444444 0.04942339373970346
0 0.3466666666666667 0.7462932454695222 0.03333333333333333 0.039538714991762765
0 0.3461111111111111 0.28500823723228996 0.034444444444444444 0.04942339373970346
0 0.34555555555555556 0.41186161449752884 0.035555555555555556 0.042833607907743
0 0.24166666666666667 0.6202635914332785 0.034444444444444444 0.044481054365733116
0 0.24222222222222223 0.19934102141680396 0.035555555555555556 0.04612850082372323
0 0.19111111111111112 0.41186161449752884 0.035555555555555556 0.042833607907743
0 0.55 0.2026359143327842 0.035555555555555556 0.042833607907743
0 0.4483333333333333 0.3698517298187809 0.034444444444444444 0.044481054365733116
0 0.1388888888888889 0.49341021416803954 0.035555555555555556 0.044481054365733116
0 0.5522222222222222 0.15650741350906094 0.035555555555555556 0.04942339373970346
0 0.5522222222222222 0.6622734761120264 0.035555555555555556 0.039538714991762765
0 0.7555555555555555 0.28500823723228996 0.035555555555555556 0.04942339373970346
0 0.55 0.32784184514003295 0.035555555555555556 0.04612850082372323
0 0.34555555555555556 0.4958813838550247 0.035555555555555556 0.042833607907743
0 0.39666666666666667 0.8270181219110379 0.03333333333333333 0.039538714991762765
0 0.5522222222222222 0.7042833607907742 0.035555555555555556 0.044481054365733116
0 0.3461111111111111 0.6177924217462932 0.034444444444444444 0.04612850082372323
0 0.5516666666666666 0.4958813838550247 0.034444444444444444 0.039538714991762765
0 0.24055555555555555 0.6647446457990115 0.03666666666666667 0.044481054365733116
0 0.5522222222222222 0.4538714991762768 0.035555555555555556 0.044481054365733116
0 0.4483333333333333 0.49670510708401977 0.034444444444444444 0.04118616144975288
0 0.4483333333333333 0.742998352553542 0.034444444444444444 0.04612850082372323
0 0.5516666666666666 0.7883031301482701 0.034444444444444444 0.044481054365733116
0 0.4488888888888889 0.2841845140032949 0.03333333333333333 0.044481054365733116
0 0.55 0.24546952224052718 0.035555555555555556 0.042833607907743