0 0.2427777777777778 0.15655737704918032 0.034444444444444444 0.04426229508196721
0 0.5027777777777778 0.3737704918032787 0.04111111111111111 0.036065573770491806
0 0.5022222222222222 0.3434426229508197 0.042222222222222223 0.027868852459016394
0 0.5144444444444445 0.7229508196721312 0.02666666666666667 0.014754098360655738
0 0.5161111111111111 0.7401639344262295 0.016666666666666666 0.014754098360655738
0 0.9111111111111111 0.4098360655737705 0.035555555555555556 0.03934426229508197
0 0.5011111111111111 0.1762295081967213 0.04 0.03770491803278689
0 0.7083333333333334 0.8647540983606558 0.034444444444444444 0.04426229508196721
0 0.1411111111111111 0.20327868852459016 0.03333333333333333 0.036065573770491806
0 0.7088888888888889 0.909016393442623 0.035555555555555556 0.04426229508196721
0 0.6044444444444445 0.5344262295081967 0.03333333333333333 0.03934426229508197
0 0.6038888888888889 0.49508196721311476 0.034444444444444444 0.04262295081967213
0 0.9094444444444445 0.28442622950819674 0.034444444444444444 0.040983606557377046
0 0.8088888888888889 0.5319672131147541 0.03333333333333333 0.040983606557377046
0 0.24444444444444444 0.9139344262295082 0.035555555555555556 0.040983606557377046
0 0.9088888888888889 0.24344262295081967 0.035555555555555556 0.040983606557377046
0 0.7072222222222222 0.7385245901639345 0.034444444444444444 0.040983606557377046
0 0.3972222222222222 0.4959016393442623 0.034444444444444444 0.04426229508196721
0 0.7083333333333334 0.8221311475409836 0.034444444444444444 0.040983606557377046
0 0.8083333333333333 0.4491803278688525 0.03 0.03934426229508197
0 0.81 0.8245901639344262 0.035555555555555556 0.04590163934426229
0 0.24388888888888888 0.7049180327868853 0.034444444444444444 0.03934426229508197
0 0.29444444444444445 0.32868852459016396 0.03333333333333333 0.03770491803278689
0 0.7061111111111111 0.6131147540983607 0.034444444444444444 0.036065573770491806
0 0.08833333333333333 0.28524590163934427 0.034444444444444444 0.03934426229508197
0 0.3472222222222222 0.6204918032786885 0.034444444444444444 0.05081967213114754
0 0.8577777777777778 0.369672131147541 0.035555555555555556 0.040983606557377046
0 0.7072222222222222 0.6983606557377049 0.034444444444444444 0.04262295081967213
0 0.8594444444444445 0.5737704918032787 0.03666666666666667 0.04262295081967213
0 0.7027777777777777 0.2 0.034444444444444444 0.04262295081967213
0 0.705 0.369672131147541 0.03222222222222222 0.03770491803278689
0 0.7583333333333333 0.45 0.034444444444444444 0.040983606557377046
0 0.08833333333333333 0.20245901639344263 0.03888888888888889 0.047540983606557376
0 0.655 0.4934426229508197 0.03 0.03934426229508197
0 0.5011111111111111 0.44754098360655736 0.04 0.04262295081967213
0 0.7583333333333333 0.6557377049180327 0.034444444444444444 0.04262295081967213
0 0.19111111111111112 0.330327868852459 0.03333333333333333 0.03770491803278689
0 0.14166666666666666 0.15655737704918032 0.03666666666666667 0.05081967213114754
0 0.24388888888888888 0.8737704918032787 0.034444444444444444 0.03934426229508197
0 0.8094444444444444 0.6573770491803279 0.03666666666666667 0.04590163934426229
0 0.8083333333333333 0.5745901639344262 0.034444444444444444 0.04426229508196721
0 0.6027777777777777 0.28524590163934427 0.034444444444444444 0.036065573770491806
0 0.3983333333333333 0.580327868852459 0.034444444444444444 0.04262295081967213
0 0.91 0.32704918032786884 0.03777777777777778 0.04426229508196721
0 0.5022222222222222 0.3114754098360656 0.04 0.03934426229508197
0 0.1411111111111111 0.33114754098360655 0.035555555555555556 0.03934426229508197
0 0.5527777777777778 0.2901639344262295 0.03222222222222222 0.04262295081967213
0 0.8577777777777778 0.19754098360655736 0.035555555555555556 0.040983606557377046
0 0.8083333333333333 0.41147540983606556 0.03 0.036065573770491806
0 0.3972222222222222 0.5393442622950819 0.034444444444444444 0.03934426229508197
0 0.7583333333333333 0.6991803278688524 0.03666666666666667 0.04426229508196721
0 0.9111111111111111 0.3704918032786885 0.035555555555555556 0.04262295081967213
0 0.19166666666666668 0.19918032786885245 0.034444444444444444 0.05081967213114754
0 0.6033333333333334 0.32459016393442625 0.03111111111111111 0.03934426229508197
0 0.7072222222222222 0.6549180327868852 0.034444444444444444 0.047540983606557376
0 0.8072222222222222 0.20245901639344263 0.034444444444444444 0.040983606557377046
0 0.08888888888888889 0.32868852459016396 0.03777777777777778 0.047540983606557376
0 0.24388888888888888 0.7877049180327869 0.03666666666666667 0.040983606557377046
0 0.3461111111111111 0.5344262295081967 0.034444444444444444 0.04262295081967213
0 0.8577777777777778 0.33278688524590166 0.035555555555555556 0.03934426229508197
0 0.6044444444444445 0.5762295081967214 0.03333333333333333 0.040983606557377046
0 0.24444444444444444 0.6221311475409836 0.03777777777777778 0.04426229508196721
0 0.8072222222222222 0.28852459016393445 0.034444444444444444 0.04590163934426229
0 0.5527777777777778 0.24754098360655738 0.034444444444444444 0.03934426229508197
0 0.14 0.3729508196721312 0.035555555555555556 0.04426229508196721
0 0.3972222222222222 0.4540983606557377 0.034444444444444444 0.04262295081967213
0 0.08944444444444444 0.1557377049180328 0.03666666666666667 0.04262295081967213
0 0.6027777777777777 0.1581967213114754 0.034444444444444444 0.047540983606557376
0 0.8083333333333333 0.4901639344262295 0.03222222222222222 0.04262295081967213
0 0.6555555555555556 0.5762295081967214 0.03333333333333333 0.03770491803278689
0 0.14055555555555554 0.2901639344262295 0.03666666666666667 0.04262295081967213
0 0.7588888888888888 0.5737704918032787 0.03333333333333333 0.03934426229508197
0 0.24333333333333335 0.5795081967213115 0.035555555555555556 0.040983606557377046
0 0.295 0.4565573770491803 0.034444444444444444 0.040983606557377046
0 0.6538888888888889 0.3704918032786885 0.034444444444444444 0.036065573770491806
0 0.2427777777777778 0.6647540983606557 0.034444444444444444 0.040983606557377046
0 0.6033333333333334 0.4540983606557377 0.03333333333333333 0.03934426229508197
0 0.24333333333333335 0.7467213114754099 0.035555555555555556 0.04426229508196721
0 0.6561111111111111 0.6581967213114754 0.034444444444444444 0.04426229508196721
0 0.7577777777777778 0.5336065573770492 0.035555555555555556 0.040983606557377046
0 0.605 0.6180327868852459 0.034444444444444444 0.04262295081967213
0 0.7077777777777777 0.7811475409836065 0.035555555555555556 0.04426229508196721
0 0.8572222222222222 0.28852459016393445 0.03666666666666667 0.04590163934426229
0 0.8566666666666667 0.15491803278688523 0.03777777777777778 0.04426229508196721
0 0.19111111111111112 0.29098360655737704 0.03333333333333333 0.040983606557377046
0 0.7055555555555556 0.5745901639344262 0.03333333333333333 0.040983606557377046
0 0.24388888888888888 0.8311475409836065 0.03666666666666667 0.04590163934426229
0 0.755 0.15327868852459017 0.03666666666666667 0.047540983606557376
0 0.6522222222222223 0.2 0.03333333333333333 0.04590163934426229
0 0.3461111111111111 0.24508196721311476 0.034444444444444444 0.03770491803278689
0 0.755 0.3295081967213115 0.03222222222222222 0.03934426229508197
0 0.7577777777777778 0.4098360655737705 0.03333333333333333 0.03934426229508197
0 0.6033333333333334 0.2442622950819672 0.03333333333333333 0.03934426229508197
0 0.39611111111111114 0.4131147540983607 0.034444444444444444 0.03934426229508197
0 0.8588888888888889 0.41147540983606556 0.035555555555555556 0.04262295081967213
0 0.7055555555555556 0.4934426229508197 0.03333333333333333 0.03934426229508197
0 0.8572222222222222 0.24262295081967214 0.03666666666666667 0.04590163934426229
0 0.19111111111111112 0.24672131147540985 0.035555555555555556 0.04426229508196721
0 0.755 0.24180327868852458 0.03222222222222222 0.040983606557377046
0 0.6544444444444445 0.4532786885245902 0.03333333333333333 0.040983606557377046
0 0.7044444444444444 0.32868852459016396 0.03333333333333333 0.04426229508196721
0 0.34555555555555556 0.49508196721311476 0.03333333333333333 0.03934426229508197
0 0.8083333333333333 0.37131147540983606 0.03222222222222222 0.040983606557377046
0 0.7583333333333333 0.6139344262295082 0.034444444444444444 0.040983606557377046
0 0.295 0.289344262295082 0.03222222222222222 0.040983606557377046
0 0.755 0.19918032786885245 0.03666666666666667 0.04426229508196721
0 0.4488888888888889 0.29098360655737704 0.03111111111111111 0.03770491803278689
0 0.7572222222222222 0.49098360655737705 0.034444444444444444 0.04426229508196721
0 0.39944444444444444 0.20327868852459016 0.03888888888888889 0.04590163934426229
0 0.29555555555555557 0.20327868852459016 0.03333333333333333 0.04590163934426229
0 0.39944444444444444 0.15491803278688523 0.034444444444444444 0.047540983606557376
0 0.8077777777777778 0.24344262295081967 0.035555555555555556 0.040983606557377046
0 0.6555555555555556 0.5352459016393443 0.03333333333333333 0.04426229508196721
0 0.6038888888888889 0.20245901639344263 0.034444444444444444 0.040983606557377046
0 0.3972222222222222 0.37131147540983606 0.03222222222222222 0.040983606557377046
0 0.13944444444444445 0.41475409836065574 0.034444444444444444 0.03934426229508197
0 0.24222222222222223 0.4131147540983607 0.03111111111111111 0.03934426229508197
0 0.705 0.4516393442622951 0.034444444444444444 0.04426229508196721
0 0.19166666666666668 0.37459016393442623 0.034444444444444444 0.05081967213114754
0 0.29555555555555557 0.24672131147540985 0.03333333333333333 0.040983606557377046
0 0.29555555555555557 0.15737704918032788 0.035555555555555556 0.04590163934426229
0 0.24222222222222223 0.45491803278688525 0.03333333333333333 0.040983606557377046
0 0.14 0.4565573770491803 0.035555555555555556 0.04426229508196721
0 0.2427777777777778 0.4967213114754098 0.03222222222222222 0.03934426229508197
0 0.29444444444444445 0.3704918032786885 0.035555555555555556 0.04262295081967213
0 0.9094444444444445 0.1540983606557377 0.03666666666666667 0.04590163934426229
0 0.7044444444444444 0.28524590163934427 0.03333333333333333 0.04590163934426229
0 0.295 0.4131147540983607 0.034444444444444444 0.04262295081967213
0 0.14055555555555554 0.2459016393442623 0.03666666666666667 0.04590163934426229
0 0.7044444444444444 0.4098360655737705 0.03333333333333333 0.04262295081967213
0 0.6555555555555556 0.6163934426229508 0.03333333333333333 0.03934426229508197
0 0.8061111111111111 0.1557377049180328 0.034444444444444444 0.04918032786885246
0 0.45 0.1557377049180328 0.035555555555555556 0.04590163934426229
0 0.3461111111111111 0.3295081967213115 0.03222222222222222 0.03934426229508197
0 0.5011111111111111 0.4885245901639344 0.03777777777777778 0.03278688524590164
0 0.8583333333333333 0.4491803278688525 0.03666666666666667 0.03278688524590164
0 0.3977777777777778 0.24344262295081967 0.04 0.027868852459016394
0 0.91 0.20081967213114754 0.035555555555555556 0.04426229508196721
0 0.76 0.9049180327868852 0.035555555555555556 0.04262295081967213
0 0.5011111111111111 0.2098360655737705 0.044444444444444446 0.029508196721311476
0 0.3977777777777778 0.33114754098360655 0.03333333333333333 0.036065573770491806
0 0.8594444444444445 0.489344262295082 0.03888888888888889 0.04426229508196721
0 0.7055555555555556 0.5336065573770492 0.03333333333333333 0.040983606557377046
0 0.76 0.8213114754098361 0.03333333333333333 0.04262295081967213
0 0.7605555555555555 0.8631147540983607 0.034444444444444444 0.040983606557377046
0 0.8077777777777778 0.33114754098360655 0.03111111111111111 0.03934426229508197
0 0.5011111111111111 0.2762295081967213 0.042222222222222223 0.03114754098360656
0 0.81 0.7811475409836065 0.03333333333333333 0.040983606557377046
0 0.5016666666666667 0.14344262295081966 0.04111111111111111 0.03114754098360656
0 0.8094444444444444 0.740983606557377 0.034444444444444444 0.04262295081967213
0 0.08777777777777777 0.3729508196721312 0.035555555555555556 0.040983606557377046
0 0.6033333333333334 0.3663934426229508 0.03333333333333333 0.04426229508196721
0 0.5 0.24262295081967214 0.042222222222222223 0.03934426229508197
0 0.8094444444444444 0.6991803278688524 0.03666666666666667 0.040983606557377046
0 0.605 0.6622950819672131 0.03222222222222222 0.04262295081967213
0 0.8594444444444445 0.5319672131147541 0.034444444444444444 0.040983606557377046
0 0.7594444444444445 0.7401639344262295 0.034444444444444444 0.040983606557377046
0 0.86 0.6155737704918033 0.035555555555555556 0.04426229508196721
0 0.08833333333333333 0.24508196721311476 0.034444444444444444 0.03770491803278689
0 0.3466666666666667 0.5762295081967214 0.028888888888888888 0.03770491803278689
0 0.8088888888888889 0.6155737704918033 0.035555555555555556 0.040983606557377046
0 0.7594444444444445 0.780327868852459 0.03666666666666667 0.03934426229508197
0 0.7033333333333334 0.24180327868852458 0.035555555555555556 0.040983606557377046
0 0.24333333333333335 0.330327868852459 0.03333333333333333 0.040983606557377046
0 0.4488888888888889 0.19918032786885245 0.03333333333333333 0.040983606557377046
0 0.755 0.2860655737704918 0.034444444444444444 0.04426229508196721
0 0.6522222222222223 0.24508196721311476 0.03333333333333333 0.04426229508196721
0 0.6533333333333333 0.33114754098360655 0.03333333333333333 0.04262295081967213
0 0.24222222222222223 0.20163934426229507 0.035555555555555556 0.04590163934426229
0 0.24222222222222223 0.3721311475409836 0.03333333333333333 0.04262295081967213
0 0.24222222222222223 0.5377049180327869 0.035555555555555556 0.04262295081967213
0 0.24222222222222223 0.289344262295082 0.035555555555555556 0.040983606557377046
0 0.3466666666666667 0.15491803278688523 0.035555555555555556 0.047540983606557376
0 0.5516666666666666 0.15737704918032788 0.034444444444444444 0.04590163934426229
0 0.5511111111111111 0.2040983606557377 0.035555555555555556 0.047540983606557376
0 0.4494444444444444 0.33114754098360655 0.034444444444444444 0.04262295081967213
0 0.3461111111111111 0.20245901639344263 0.03666666666666667 0.04426229508196721
0 0.6033333333333334 0.41147540983606556 0.03333333333333333 0.04590163934426229
0 0.2427777777777778 0.24672131147540985 0.034444444444444444 0.04426229508196721
0 0.7572222222222222 0.37131147540983606 0.034444444444444444 0.040983606557377046
0 0.3977777777777778 0.28852459016393445 0.035555555555555556 0.04918032786885246
0 0.45 0.2459016393442623 0.03333333333333333 0.04918032786885246
0 0.3461111111111111 0.4540983606557377 0.034444444444444444 0.04262295081967213
0 0.3461111111111111 0.4122950819672131 0.03222222222222222 0.040983606557377046
0 0.6522222222222223 0.2901639344262295 0.03333333333333333 0.04262295081967213
0 0.6533333333333333 0.4098360655737705 0.035555555555555556 0.04262295081967213
0 0.34555555555555556 0.28688524590163933 0.03333333333333333 0.04590163934426229
0 0.345 0.369672131147541 0.034444444444444444 0.04426229508196721