0 0.235 0.7555379746835443 0.025 0.02689873417721519
0 0.3325 0.7887658227848101 0.0375 0.03322784810126582
0 0.165625 0.49920886075949367 0.03375 0.03322784810126582
0 0.3325 0.6590189873417721 0.0325 0.030063291139240507
0 0.6625 0.5973101265822784 0.035 0.03322784810126582
0 0.551875 0.6661392405063291 0.03375 0.03164556962025317
0 0.388125 0.46835443037974683 0.03375 0.03164556962025317
0 0.111875 0.4375 0.03375 0.03322784810126582
0 0.499375 0.4525316455696203 0.03375 0.03481012658227848
0 0.44375 0.49841772151898733 0.0325 0.03164556962025317
0 0.276875 0.5656645569620253 0.03375 0.02689873417721519
0 0.663125 0.4074367088607595 0.03375 0.03639240506329114
0 0.23625 0.6914556962025317 0.0225 0.02531645569620253
0 0.884375 0.49920886075949367 0.03375 0.03322784810126582
0 0.5525 0.6329113924050633 0.035 0.0379746835443038
0 0.553125 0.5965189873417721 0.03375 0.03481012658227848
0 0.55375 0.5332278481012658 0.035 0.03164556962025317
0 0.27625 0.5973101265822784 0.0375 0.03639240506329114
0 0.55375 0.4675632911392405 0.035 0.03322784810126582
0 0.66375 0.5 0.035 0.03164556962025317
0 0.6075 0.7254746835443038 0.035 0.03639240506329114
0 0.6625 0.7278481012658228 0.035 0.03481012658227848
0 0.608125 0.370253164556962 0.03625 0.0379746835443038
0 0.443125 0.5332278481012658 0.03375 0.03481012658227848
0 0.663125 0.370253164556962 0.03625 0.0379746835443038
0 0.443125 0.8852848101265823 0.03875 0.03322784810126582
0 0.66375 0.5332278481012658 0.035 0.03164556962025317
0 0.553125 0.5007911392405063 0.03375 0.03322784810126582
0 0.60875 0.5973101265822784 0.035 0.03322784810126582
0 0.111875 0.6590189873417721 0.03375 0.030063291139240507
0 0.11 0.8212025316455697 0.035 0.03164556962025317
0 0.828125 0.8243670886075949 0.03375 0.028481012658227847
0 0.49875 0.5063291139240507 0.0325 0.02531645569620253
0 0.1675 0.34335443037974683 0.035 0.03164556962025317
0 0.88375 0.6938291139240507 0.0375 0.03481012658227848
0 0.885 0.7579113924050633 0.035 0.03322784810126582
0 0.510625 0.7041139240506329 0.02375 0.03164556962025317
0 0.5125 0.6653481012658228 0.0225 0.01740506329113924
0 0.511875 0.5640822784810127 0.02375 0.023734177215189875
0 0.883125 0.8544303797468354 0.03625 0.028481012658227847
0 0.166875 0.37341772151898733 0.03625 0.028481012658227847
0 0.77375 0.7887658227848101 0.035 0.030063291139240507
0 0.510625 0.5862341772151899 0.02375 0.0189873417721519
0 0.510625 0.6060126582278481 0.02375 0.0189873417721519
0 0.71875 0.7895569620253164 0.035 0.03481012658227848
0 0.444375 0.372626582278481 0.03625 0.03322784810126582
0 0.443125 0.6265822784810127 0.03375 0.03164556962025317
0 0.3325 0.43908227848101267 0.035 0.030063291139240507
0 0.2225 0.8520569620253164 0.0325 0.03639240506329114
0 0.27625 0.5015822784810127 0.0325 0.03481012658227848
0 0.223125 0.37579113924050633 0.0275 0.03481012658227848
0 0.718125 0.7587025316455697 0.03375 0.03322784810126582
0 0.443125 0.564873417721519 0.03125 0.03164556962025317
0 0.6625 0.8544303797468354 0.035 0.03164556962025317
0 0.884375 0.5348101265822784 0.03625 0.03481012658227848
0 0.333125 0.5007911392405063 0.03625 0.03322784810126582
0 0.2775 0.5363924050632911 0.035 0.03481012658227848
0 0.82875 0.40664556962025317 0.035 0.03164556962025317
0 0.884375 0.40822784810126583 0.03625 0.03164556962025317
0 0.333125 0.7563291139240507 0.03375 0.03164556962025317
0 0.55375 0.8212025316455697 0.0325 0.03164556962025317
0 0.773125 0.4074367088607595 0.03375 0.030063291139240507
0 0.66375 0.564873417721519 0.035 0.03164556962025317
0 0.551875 0.7887658227848101 0.03125 0.030063291139240507
0 0.608125 0.564873417721519 0.03125 0.03164556962025317
0 0.663125 0.8860759493670886 0.03375 0.03164556962025317
0 0.71875 0.5332278481012658 0.035 0.03164556962025317
0 0.774375 0.5340189873417721 0.03375 0.030063291139240507
0 0.718125 0.46835443037974683 0.03625 0.03481012658227848
0 0.718125 0.7262658227848101 0.03625 0.03164556962025317
0 0.71875 0.502373417721519 0.035 0.03322784810126582
0 0.388125 0.564873417721519 0.03375 0.03164556962025317
0 0.554375 0.5632911392405063 0.03375 0.03164556962025317
0 0.3325 0.4050632911392405 0.035 0.0379746835443038
0 0.3325 0.5957278481012658 0.035 0.03322784810126582
0 0.6625 0.6938291139240507 0.035 0.03322784810126582
0 0.3325 0.3686708860759494 0.035 0.03164556962025317
0 0.235625 0.7231012658227848 0.02125 0.02531645569620253
0 0.2075 0.6914556962025317 0.0225 0.02531645569620253
0 0.388125 0.7879746835443038 0.03375 0.03164556962025317
0 0.828125 0.8868670886075949 0.03375 0.03322784810126582
0 0.111875 0.6281645569620253 0.03375 0.03164556962025317
0 0.23625 0.3425632911392405 0.02125 0.02689873417721519
0 0.21 0.34177215189873417 0.0175 0.022151898734177215
0 0.884375 0.7270569620253164 0.035 0.030063291139240507
0 0.498125 0.8109177215189873 0.0325 0.01740506329113924
0 0.2225 0.5015822784810127 0.0275 0.030063291139240507
0 0.511875 0.6819620253164557 0.02 0.011075949367088608
0 0.110625 0.5 0.03375 0.03164556962025317
0 0.22375 0.47072784810126583 0.02875 0.03164556962025317
0 0.2225 0.44066455696202533 0.0275 0.03164556962025317
0 0.22375 0.4074367088607595 0.0275 0.028481012658227847
0 0.829375 0.49920886075949367 0.03375 0.03322784810126582
0 0.444375 0.40348101265822783 0.03625 0.03164556962025317
0 0.208125 0.6582278481012658 0.01875 0.028481012658227847
0 0.5525 0.8512658227848101 0.0325 0.03164556962025317
0 0.3875 0.6606012658227848 0.035 0.030063291139240507
0 0.3875 0.3694620253164557 0.0375 0.03639240506329114
0 0.11125 0.46914556962025317 0.0325 0.030063291139240507
0 0.333125 0.46914556962025317 0.03625 0.030063291139240507
0 0.38875 0.49920886075949367 0.0325 0.030063291139240507
0 0.661875 0.759493670886076 0.03375 0.03164556962025317
0 0.7175 0.40585443037974683 0.035 0.03322784810126582
0 0.609375 0.629746835443038 0.03125 0.03164556962025317
0 0.6625 0.6281645569620253 0.035 0.03164556962025317
0 0.3875 0.8528481012658228 0.035 0.03164556962025317
0 0.11125 0.8528481012658228 0.035 0.03164556962025317
0 0.4975 0.7919303797468354 0.035 0.020569620253164556
0 0.11125 0.6930379746835443 0.035 0.04113924050632911
0 0.718125 0.8868670886075949 0.03625 0.03164556962025317
0 0.718125 0.6305379746835443 0.03125 0.030063291139240507
0 0.4425 0.7879746835443038 0.035 0.03481012658227848
0 0.608125 0.8852848101265823 0.03125 0.030063291139240507
0 0.5 0.5490506329113924 0.02875 0.006329113924050633
0 0.2225 0.8860759493670886 0.035 0.03164556962025317
0 0.224375 0.5348101265822784 0.02625 0.02531645569620253
0 0.5 0.5316455696202531 0.0325 0.02531645569620253
0 0.884375 0.5996835443037974 0.03125 0.028481012658227847
0 0.77375 0.8212025316455697 0.0325 0.03481012658227848
0 0.88375 0.8227848101265823 0.0375 0.03481012658227848
0 0.49875 0.4185126582278481 0.035 0.03322784810126582
0 0.2775 0.43829113924050633 0.0325 0.0189873417721519
0 0.511875 0.6447784810126582 0.02125 0.020569620253164556
0 0.3325 0.8204113924050633 0.035 0.02689873417721519
0 0.510625 0.625 0.02375 0.022151898734177215
0 0.6075 0.49683544303797467 0.0325 0.04113924050632911
0 0.608125 0.47389240506329117 0.03375 0.04272151898734177
0 0.82875 0.7254746835443038 0.035 0.03322784810126582
0 0.829375 0.5680379746835443 0.03625 0.0379746835443038
0 0.774375 0.46914556962025317 0.03625 0.03322784810126582
0 0.885 0.4651898734177215 0.035 0.03481012658227848
0 0.221875 0.5965189873417721 0.03125 0.02531645569620253
0 0.829375 0.46835443037974683 0.03125 0.028481012658227847
0 0.11125 0.757120253164557 0.0325 0.03322784810126582
0 0.22375 0.564873417721519 0.035 0.03481012658227848
0 0.884375 0.884493670886076 0.03625 0.03164556962025317
0 0.111875 0.4050632911392405 0.03375 0.03164556962025317
0 0.829375 0.43829113924050633 0.03125 0.03164556962025317
0 0.88375 0.7887658227848101 0.0375 0.03322784810126582
0 0.884375 0.5688291139240507 0.03625 0.03639240506329114
0 0.498125 0.34572784810126583 0.03625 0.0490506329113924
0 0.11125 0.7270569620253164 0.035 0.030063291139240507
0 0.77375 0.8536392405063291 0.035 0.030063291139240507
0 0.221875 0.8212025316455697 0.03375 0.028481012658227847
0 0.82875 0.6020569620253164 0.035 0.030063291139240507
0 0.663125 0.7911392405063291 0.03375 0.028481012658227847
0 0.774375 0.7579113924050633 0.03375 0.03164556962025317
0 0.111875 0.372626582278481 0.03375 0.03955696202531646
0 0.22125 0.6265822784810127 0.0325 0.03481012658227848
0 0.826875 0.8536392405063291 0.03375 0.03322784810126582
0 0.884375 0.629746835443038 0.03375 0.03481012658227848
0 0.51125 0.8813291139240507 0.0225 0.02531645569620253
0 0.828125 0.7903481012658228 0.03375 0.03639240506329114
0 0.773125 0.439873417721519 0.03375 0.03164556962025317
0 0.509375 0.8552215189873418 0.02375 0.023734177215189875
0 0.88375 0.6613924050632911 0.0325 0.03164556962025317
0 0.82875 0.757120253164557 0.035 0.03322784810126582
0 0.883125 0.43908227848101267 0.03375 0.030063291139240507
0 0.7175 0.8544303797468354 0.035 0.03164556962025317
0 0.60875 0.6613924050632911 0.0325 0.03164556962025317
0 0.110625 0.7879746835443038 0.03375 0.03164556962025317
0 0.829375 0.6954113924050633 0.03375 0.03322784810126582
0 0.236875 0.6590189873417721 0.02375 0.03322784810126582
0 0.33375 0.884493670886076 0.035 0.03164556962025317
0 0.333125 0.8504746835443038 0.03625 0.03639240506329114
0 0.66375 0.43829113924050633 0.035 0.03164556962025317
0 0.829375 0.5340189873417721 0.03625 0.03639240506329114
0 0.3875 0.757120253164557 0.035 0.03322784810126582
0 0.82875 0.6313291139240507 0.035 0.028481012658227847
0 0.208125 0.7223101265822784 0.02125 0.02689873417721519
0 0.11 0.8860759493670886 0.0325 0.03164556962025317
0 0.774375 0.8852848101265823 0.03375 0.030063291139240507
0 0.718125 0.8235759493670886 0.03625 0.03322784810126582
0 0.3875 0.6289556962025317 0.035 0.030063291139240507
0 0.2775 0.40901898734177217 0.0375 0.03639240506329114
0 0.5525 0.8837025316455697 0.035 0.03639240506329114
0 0.16625 0.46914556962025317 0.03 0.030063291139240507
0 0.388125 0.884493670886076 0.03625 0.03481012658227848
0 0.7175 0.43670886075949367 0.035 0.03164556962025317
0 0.77375 0.5973101265822784 0.035 0.030063291139240507
0 0.608125 0.6930379746835443 0.03125 0.03164556962025317
0 0.77375 0.7270569620253164 0.0325 0.03322784810126582
0 0.16625 0.5324367088607594 0.035 0.03322784810126582
0 0.1675 0.4375 0.0325 0.03322784810126582
0 0.166875 0.40427215189873417 0.03375 0.03322784810126582
0 0.111875 0.5640822784810127 0.03375 0.030063291139240507
0 0.441875 0.8512658227848101 0.03375 0.03164556962025317
0 0.16625 0.5640822784810127 0.035 0.03322784810126582
0 0.22125 0.7871835443037974 0.035 0.03639240506329114
0 0.82875 0.6629746835443038 0.035 0.03481012658227848
0 0.3875 0.43670886075949367 0.035 0.03164556962025317
0 0.775 0.629746835443038 0.035 0.03164556962025317
0 0.443125 0.7555379746835443 0.03375 0.03322784810126582
0 0.6075 0.8552215189873418 0.035 0.030063291139240507
0 0.553125 0.6954113924050633 0.03625 0.030063291139240507
0 0.444375 0.43433544303797467 0.03625 0.03322784810126582
0 0.166875 0.5988924050632911 0.03375 0.03322784810126582
0 0.11125 0.5324367088607594 0.0325 0.03322784810126582
0 0.663125 0.46914556962025317 0.03375 0.030063291139240507
0 0.333125 0.7246835443037974 0.03375 0.03164556962025317
0 0.333125 0.5332278481012658 0.03625 0.03164556962025317
0 0.3875 0.7254746835443038 0.035 0.03322784810126582
0 0.883125 0.372626582278481 0.03625 0.03955696202531646
0 0.718125 0.37104430379746833 0.03625 0.03639240506329114
0 0.443125 0.7246835443037974 0.03375 0.028481012658227847
0 0.6625 0.8235759493670886 0.035 0.03322784810126582
0 0.7175 0.6613924050632911 0.0325 0.03164556962025317
0 0.608125 0.4375 0.03375 0.030063291139240507
0 0.608125 0.40664556962025317 0.03375 0.03164556962025317
0 0.608125 0.8243670886075949 0.03375 0.03481012658227848
0 0.774375 0.37341772151898733 0.03375 0.0379746835443038
0 0.111875 0.5957278481012658 0.03375 0.03322784810126582
0 0.6075 0.7579113924050633 0.035 0.03164556962025317
0 0.553125 0.43670886075949367 0.03375 0.028481012658227847
0 0.3325 0.6914556962025317 0.0325 0.03481012658227848
0 0.3325 0.5640822784810127 0.035 0.030063291139240507
0 0.443125 0.5957278481012658 0.03375 0.03322784810126582
0 0.44375 0.46677215189873417 0.035 0.03164556962025317
0 0.55375 0.40585443037974683 0.035 0.03322784810126582
0 0.331875 0.6289556962025317 0.03375 0.03322784810126582
0 0.775 0.6613924050632911 0.0325 0.03164556962025317
0 0.3875 0.6930379746835443 0.0325 0.03164556962025317
0 0.441875 0.8204113924050633 0.03375 0.03322784810126582
0 0.775 0.694620253164557 0.035 0.03481012658227848
0 0.553125 0.7262658227848101 0.03375 0.03164556962025317
0 0.718125 0.5988924050632911 0.03375 0.03322784810126582
0 0.4425 0.6606012658227848 0.0325 0.03322784810126582
0 0.553125 0.37183544303797467 0.03625 0.0379746835443038
0 0.774375 0.502373417721519 0.03625 0.03639240506329114
0 0.6625 0.6606012658227848 0.035 0.03322784810126582
0 0.3875 0.5973101265822784 0.035 0.03322784810126582
0 0.71875 0.564873417721519 0.035 0.03481012658227848
0 0.5525 0.7579113924050633 0.0325 0.03164556962025317
0 0.388125 0.40348101265822783 0.03625 0.03481012658227848
0 0.38875 0.8212025316455697 0.035 0.03481012658227848
0 0.77375 0.5664556962025317 0.035 0.03481012658227848
0 0.278125 0.37104430379746833 0.03625 0.03955696202531646
0 0.6075 0.5340189873417721 0.0325 0.03322784810126582
0 0.7175 0.6930379746835443 0.035 0.03481012658227848
0 0.828125 0.37183544303797467 0.03375 0.0379746835443038
0 0.608125 0.7895569620253164 0.03625 0.03164556962025317
0 0.3875 0.5324367088607594 0.0325 0.03639240506329114
0 0.443125 0.6930379746835443 0.03375 0.03164556962025317
0 0.278125 0.46835443037974683 0.03125 0.03481012658227848