0 0.362 0.504665629860031 0.028 0.03265940902021773
0 0.336 0.859253499222395 0.02666666666666667 0.03265940902021773
0 0.30866666666666664 0.36003110419906686 0.028 0.03265940902021773
0 0.11066666666666666 0.46967340590979784 0.029333333333333333 0.03421461897356143
0 0.2793333333333333 0.432348367029549 0.028 0.03421461897356143
0 0.556 0.32581648522550544 0.024 0.03265940902021773
0 0.49933333333333335 0.3055987558320373 0.028 0.03265940902021773
0 0.49933333333333335 0.380248833592535 0.028 0.04510108864696734
0 0.49866666666666665 0.276049766718507 0.029333333333333333 0.03110419906687403
0 0.7733333333333333 0.36003110419906686 0.02666666666666667 0.029548989113530325
0 0.7993333333333333 0.8219284603421462 0.025333333333333333 0.02021772939346812
0 0.11 0.31804043545878696 0.028 0.02021772939346812
0 0.8266666666666667 0.890357698289269 0.024 0.02021772939346812
0 0.2793333333333333 0.5031104199066874 0.025333333333333333 0.02021772939346812
0 0.718 0.8911353032659409 0.025333333333333333 0.01866251944012442
0 0.7726666666666666 0.7527216174183515 0.025333333333333333 0.03110419906687403
0 0.25066666666666665 0.7877138413685848 0.024 0.02332814930015552
0 0.19666666666666666 0.8258164852255054 0.025333333333333333 0.03110419906687403
0 0.7733333333333333 0.8561430793157077 0.024 0.03576982892690513
0 0.2786666666666667 0.7169517884914464 0.02666666666666667 0.02177293934681182
0 0.36133333333333334 0.8242612752721618 0.024 0.01866251944012442
0 0.44466666666666665 0.645412130637636 0.025333333333333333 0.03110419906687403
0 0.30733333333333335 0.6469673405909798 0.02266666666666667 0.027993779160186624
0 0.7726666666666666 0.43157076205287714 0.025333333333333333 0.03265940902021773
0 0.7446666666666667 0.36158631415241055 0.025333333333333333 0.029548989113530325
0 0.49933333333333335 0.21073094867807154 0.028 0.026438569206842923
0 0.5806666666666667 0.645412130637636 0.025333333333333333 0.03421461897356143
0 0.44266666666666665 0.43390357698289267 0.024 0.03421461897356143
0 0.7726666666666666 0.5381026438569206 0.025333333333333333 0.027993779160186624
0 0.7193333333333334 0.5015552099533437 0.025333333333333333 0.029548989113530325
0 0.8266666666666667 0.43001555209953346 0.024 0.02332814930015552
0 0.828 0.8195956454121306 0.024 0.03110419906687403
0 0.33666666666666667 0.43157076205287714 0.02266666666666667 0.02021772939346812
0 0.19466666666666665 0.7869362363919129 0.024 0.03110419906687403
0 0.11 0.6080870917573873 0.025333333333333333 0.024883359253499222
0 0.718 0.4665629860031104 0.025333333333333333 0.03110419906687403
0 0.16266666666666665 0.504665629860031 0.021333333333333333 0.029548989113530325
0 0.636 0.43390357698289267 0.02666666666666667 0.03110419906687403
0 0.49866666666666665 0.2379471228615863 0.029333333333333333 0.024883359253499222
0 0.7993333333333333 0.8926905132192846 0.02266666666666667 0.024883359253499222
0 0.39066666666666666 0.6804043545878694 0.02666666666666667 0.029548989113530325
0 0.16933333333333334 0.3942457231726283 0.02666666666666667 0.029548989113530325
0 0.7993333333333333 0.7877138413685848 0.025333333333333333 0.03265940902021773
0 0.16866666666666666 0.42068429237947125 0.025333333333333333 0.02332814930015552
0 0.7726666666666666 0.6446345256609642 0.02266666666666667 0.03265940902021773
0 0.444 0.5381026438569206 0.021333333333333333 0.027993779160186624
0 0.11066666666666666 0.5412130637636081 0.02666666666666667 0.03421461897356143
0 0.4166666666666667 0.39580093312597203 0.02266666666666667 0.029548989113530325
0 0.7726666666666666 0.8919129082426127 0.025333333333333333 0.029548989113530325
0 0.36333333333333334 0.43157076205287714 0.02266666666666667 0.026438569206842923
0 0.5053333333333333 0.5964230171073095 0.021333333333333333 0.026438569206842923
0 0.11066666666666666 0.6461897356143079 0.024 0.029548989113530325
0 0.5053333333333333 0.7472783825816485 0.018666666666666668 0.026438569206842923
0 0.8266666666666667 0.7853810264385692 0.024 0.027993779160186624
0 0.772 0.8219284603421462 0.024 0.026438569206842923
0 0.772 0.3250388802488336 0.029333333333333333 0.03732503888024884
0 0.6353333333333333 0.32426127527216175 0.025333333333333333 0.03265940902021773
0 0.7706666666666667 0.6811819595645412 0.024 0.03110419906687403
0 0.11133333333333334 0.7527216174183515 0.025333333333333333 0.027993779160186624
0 0.8266666666666667 0.5715396578538102 0.024 0.026438569206842923
0 0.6353333333333333 0.504665629860031 0.02266666666666667 0.03265940902021773
0 0.774 0.5038880248833593 0.025333333333333333 0.03110419906687403
0 0.13866666666666666 0.859253499222395 0.024 0.029548989113530325
0 0.444 0.39580093312597203 0.021333333333333333 0.026438569206842923
0 0.11066666666666666 0.36003110419906686 0.024 0.03576982892690513
0 0.138 0.5373250388802489 0.025333333333333333 0.029548989113530325
0 0.7733333333333333 0.7869362363919129 0.024 0.027993779160186624
0 0.6353333333333333 0.8576982892690513 0.025333333333333333 0.029548989113530325
0 0.7186666666666667 0.43157076205287714 0.024 0.03265940902021773
0 0.362 0.6811819595645412 0.025333333333333333 0.027993779160186624
0 0.608 0.46734059097978226 0.024 0.026438569206842923
0 0.7726666666666666 0.4681181959564541 0.025333333333333333 0.03110419906687403
0 0.826 0.3965785381026439 0.02266666666666667 0.03110419906687403
0 0.826 0.6080870917573873 0.02266666666666667 0.03110419906687403
0 0.13933333333333334 0.5023328149300156 0.02266666666666667 0.03110419906687403
0 0.6626666666666666 0.6796267496111975 0.024 0.027993779160186624
0 0.25133333333333335 0.6827371695178849 0.025333333333333333 0.027993779160186624
0 0.16866666666666666 0.7161741835147745 0.028 0.029548989113530325
0 0.6353333333333333 0.5738724727838258 0.02266666666666667 0.024883359253499222
0 0.8266666666666667 0.8584758942457231 0.024 0.03421461897356143
0 0.418 0.573094867807154 0.025333333333333333 0.029548989113530325
0 0.8006666666666666 0.7519440124416796 0.025333333333333333 0.029548989113530325
0 0.528 0.8576982892690513 0.02666666666666667 0.026438569206842923
0 0.6626666666666666 0.6080870917573873 0.024 0.027993779160186624
0 0.5286666666666666 0.6080870917573873 0.02 0.03110419906687403
0 0.8 0.468895800933126 0.024 0.029548989113530325
0 0.11066666666666666 0.39502332814930013 0.029333333333333333 0.03110419906687403
0 0.6913333333333334 0.4331259720062208 0.028 0.03265940902021773
0 0.44466666666666665 0.7884914463452566 0.025333333333333333 0.027993779160186624
0 0.718 0.36003110419906686 0.025333333333333333 0.029548989113530325
0 0.746 0.5038880248833593 0.025333333333333333 0.03110419906687403
0 0.16733333333333333 0.6469673405909798 0.025333333333333333 0.03110419906687403
0 0.5266666666666666 0.7146189735614308 0.02666666666666667 0.03265940902021773
0 0.718 0.32581648522550544 0.025333333333333333 0.03265940902021773
0 0.11 0.8934681181959565 0.028 0.03265940902021773
0 0.746 0.6811819595645412 0.025333333333333333 0.03110419906687403
0 0.22333333333333333 0.7527216174183515 0.02266666666666667 0.027993779160186624
0 0.4713333333333333 0.5388802488335925 0.02266666666666667 0.029548989113530325
0 0.30733333333333335 0.8600311041990669 0.025333333333333333 0.03421461897356143
0 0.6913333333333334 0.36003110419906686 0.028 0.03265940902021773
0 0.6633333333333333 0.5715396578538102 0.025333333333333333 0.029548989113530325
0 0.168 0.468895800933126 0.024 0.026438569206842923
0 0.4713333333333333 0.8895800933125972 0.025333333333333333 0.027993779160186624
0 0.13866666666666666 0.6811819595645412 0.024 0.03110419906687403
0 0.13866666666666666 0.6469673405909798 0.02666666666666667 0.03110419906687403
0 0.19533333333333333 0.645412130637636 0.028 0.03421461897356143
0 0.718 0.7153965785381027 0.02266666666666667 0.027993779160186624
0 0.3353333333333333 0.8942457231726283 0.02266666666666667 0.024883359253499222
0 0.582 0.36003110419906686 0.02266666666666667 0.026438569206842923
0 0.7733333333333333 0.39813374805598756 0.024 0.03110419906687403
0 0.13866666666666666 0.46734059097978226 0.024 0.026438569206842923
0 0.25066666666666665 0.7534992223950233 0.02666666666666667 0.029548989113530325
0 0.444 0.7534992223950233 0.02666666666666667 0.03265940902021773
0 0.4713333333333333 0.6772939346811819 0.028 0.029548989113530325
0 0.4713333333333333 0.6430793157076206 0.025333333333333333 0.03576982892690513
0 0.13733333333333334 0.4307931570762053 0.02666666666666667 0.03110419906687403
0 0.5553333333333333 0.468895800933126 0.02266666666666667 0.029548989113530325
0 0.11066666666666666 0.7177293934681181 0.02666666666666667 0.03265940902021773
0 0.664 0.43157076205287714 0.02666666666666667 0.026438569206842923
0 0.7726666666666666 0.609642301710731 0.025333333333333333 0.03110419906687403
0 0.7186666666666667 0.645412130637636 0.024 0.03110419906687403
0 0.5546666666666666 0.432348367029549 0.024 0.027993779160186624
0 0.418 0.3234836702954899 0.02266666666666667 0.027993779160186624
0 0.528 0.4681181959564541 0.029333333333333333 0.027993779160186624
0 0.11133333333333334 0.5754276827371695 0.025333333333333333 0.027993779160186624
0 0.554 0.6438569206842923 0.025333333333333333 0.027993779160186624
0 0.8 0.8584758942457231 0.024 0.03421461897356143
0 0.418 0.6811819595645412 0.025333333333333333 0.03110419906687403
0 0.30866666666666664 0.3234836702954899 0.025333333333333333 0.03110419906687403
0 0.362 0.6469673405909798 0.025333333333333333 0.03110419906687403
0 0.6913333333333334 0.3973561430793157 0.025333333333333333 0.029548989113530325
0 0.8013333333333333 0.5373250388802489 0.024 0.029548989113530325
0 0.5553333333333333 0.5738724727838258 0.025333333333333333 0.027993779160186624
0 0.5293333333333333 0.36236391912908245 0.024 0.027993779160186624
0 0.252 0.39580093312597203 0.02666666666666667 0.03265940902021773
0 0.6353333333333333 0.6811819595645412 0.025333333333333333 0.03110419906687403
0 0.7453333333333333 0.7527216174183515 0.024 0.03421461897356143
0 0.39266666666666666 0.468895800933126 0.025333333333333333 0.03265940902021773
0 0.41733333333333333 0.4331259720062208 0.02666666666666667 0.03265940902021773
0 0.7186666666666667 0.6804043545878694 0.02666666666666667 0.03265940902021773
0 0.3913333333333333 0.43157076205287714 0.025333333333333333 0.03576982892690513
0 0.392 0.8584758942457231 0.02666666666666667 0.03110419906687403
0 0.224 0.7884914463452566 0.02666666666666667 0.03421461897356143
0 0.224 0.4681181959564541 0.02666666666666667 0.03421461897356143
0 0.5826666666666667 0.5746500777604977 0.02666666666666667 0.03265940902021773
0 0.6353333333333333 0.8211508553654744 0.025333333333333333 0.03110419906687403
0 0.22333333333333333 0.6835147744945568 0.028 0.03576982892690513
0 0.418 0.8227060653188181 0.025333333333333333 0.03110419906687403
0 0.528 0.7519440124416796 0.02666666666666667 0.03265940902021773
0 0.36333333333333334 0.3965785381026439 0.025333333333333333 0.03110419906687403
0 0.28 0.6827371695178849 0.02666666666666667 0.03421461897356143
0 0.3626666666666667 0.8926905132192846 0.02666666666666667 0.03421461897356143
0 0.608 0.6104199066874028 0.02666666666666667 0.03265940902021773
0 0.25133333333333335 0.8242612752721618 0.025333333333333333 0.03421461897356143
0 0.444 0.504665629860031 0.02666666666666667 0.03265940902021773
0 0.28 0.7869362363919129 0.02666666666666667 0.03421461897356143
0 0.2786666666666667 0.8250388802488335 0.02666666666666667 0.03265940902021773
0 0.25133333333333335 0.359253499222395 0.025333333333333333 0.03110419906687403
0 0.392 0.8234836702954899 0.02666666666666667 0.029548989113530325
0 0.308 0.5746500777604977 0.02666666666666667 0.03265940902021773
0 0.308 0.3965785381026439 0.02666666666666667 0.03110419906687403
0 0.2793333333333333 0.8600311041990669 0.025333333333333333 0.03110419906687403
0 0.306 0.4704510108864697 0.028 0.03265940902021773
0 0.5813333333333334 0.786158631415241 0.02666666666666667 0.03265940902021773
0 0.19533333333333333 0.39813374805598756 0.025333333333333333 0.03110419906687403
0 0.528 0.5404354587869362 0.029333333333333333 0.03265940902021773
0 0.16866666666666666 0.8608087091757387 0.028 0.03265940902021773
0 0.13933333333333334 0.6119751166407466 0.028 0.03265940902021773
0 0.362 0.6104199066874028 0.025333333333333333 0.03265940902021773
0 0.224 0.5396578538102644 0.02666666666666667 0.03421461897356143
0 0.6353333333333333 0.7177293934681181 0.025333333333333333 0.03265940902021773
0 0.5286666666666666 0.3965785381026439 0.028 0.03110419906687403
0 0.336 0.39580093312597203 0.02666666666666667 0.03265940902021773
0 0.6626666666666666 0.8211508553654744 0.02666666666666667 0.03110419906687403
0 0.22333333333333333 0.6111975116640747 0.025333333333333333 0.03421461897356143
0 0.3913333333333333 0.7534992223950233 0.028 0.029548989113530325
0 0.224 0.8615863141524106 0.02666666666666667 0.03110419906687403
0 0.2793333333333333 0.39502332814930013 0.028 0.03421461897356143
0 0.224 0.504665629860031 0.02666666666666667 0.03265940902021773
0 0.692 0.8219284603421462 0.02666666666666667 0.03265940902021773
0 0.28 0.32581648522550544 0.02666666666666667 0.03265940902021773
0 0.5273333333333333 0.8219284603421462 0.028 0.03265940902021773
0 0.3913333333333333 0.505443234836703 0.025333333333333333 0.03110419906687403
0 0.41733333333333333 0.5038880248833593 0.02666666666666667 0.03110419906687403
0 0.6913333333333334 0.6088646967340591 0.028 0.03265940902021773
0 0.3913333333333333 0.7877138413685848 0.028 0.03265940902021773
0 0.22333333333333333 0.3631415241057543 0.028 0.03265940902021773
0 0.5266666666666666 0.7869362363919129 0.029333333333333333 0.03110419906687403
0 0.16933333333333334 0.4432348367029549 0.024 0.02177293934681182
0 0.7446666666666667 0.609642301710731 0.025333333333333333 0.027993779160186624
0 0.6353333333333333 0.6461897356143079 0.025333333333333333 0.03265940902021773
0 0.472 0.3234836702954899 0.024 0.03110419906687403
0 0.19466666666666665 0.6842923794712286 0.02666666666666667 0.03421461897356143
0 0.6913333333333334 0.5023328149300156 0.025333333333333333 0.027993779160186624
0 0.11 0.432348367029549 0.025333333333333333 0.027993779160186624
0 0.8266666666666667 0.46734059097978226 0.024 0.03265940902021773
0 0.36133333333333334 0.8584758942457231 0.024 0.027993779160186624
0 0.7446666666666667 0.8919129082426127 0.025333333333333333 0.026438569206842923
0 0.5053333333333333 0.5684292379471229 0.021333333333333333 0.026438569206842923
0 0.554 0.8203732503888025 0.025333333333333333 0.029548989113530325
0 0.8266666666666667 0.750388802488336 0.024 0.029548989113530325
0 0.58 0.749611197511664 0.02666666666666667 0.027993779160186624
0 0.8266666666666667 0.7146189735614308 0.024 0.029548989113530325
0 0.10933333333333334 0.8600311041990669 0.02666666666666667 0.03110419906687403
0 0.4726666666666667 0.8219284603421462 0.028 0.03265940902021773
0 0.6086666666666667 0.32581648522550544 0.025333333333333333 0.03265940902021773
0 0.2793333333333333 0.46734059097978226 0.025333333333333333 0.02332814930015552
0 0.772 0.7169517884914464 0.024 0.03421461897356143
0 0.6913333333333334 0.750388802488336 0.02266666666666667 0.03265940902021773
0 0.4186666666666667 0.8569206842923794 0.021333333333333333 0.024883359253499222
0 0.7726666666666666 0.573094867807154 0.025333333333333333 0.03265940902021773
0 0.6366666666666667 0.5381026438569206 0.025333333333333333 0.03110419906687403
0 0.5806666666666667 0.5373250388802489 0.025333333333333333 0.029548989113530325
0 0.6613333333333333 0.890357698289269 0.024 0.026438569206842923
0 0.224 0.8258164852255054 0.02666666666666667 0.03421461897356143
0 0.472 0.46967340590979784 0.02666666666666667 0.03110419906687403
0 0.4726666666666667 0.8569206842923794 0.02266666666666667 0.03110419906687403
0 0.5286666666666666 0.573094867807154 0.02266666666666667 0.026438569206842923
0 0.4186666666666667 0.5373250388802489 0.024 0.02332814930015552
0 0.6633333333333333 0.5373250388802489 0.025333333333333333 0.02332814930015552
0 0.16733333333333333 0.7511664074650077 0.025333333333333333 0.027993779160186624
0 0.69 0.8919129082426127 0.02266666666666667 0.02332814930015552
0 0.6093333333333333 0.8895800933125972 0.021333333333333333 0.03421461897356143
0 0.6353333333333333 0.7519440124416796 0.025333333333333333 0.03265940902021773
0 0.8266666666666667 0.6423017107309487 0.024 0.027993779160186624
0 0.7453333333333333 0.3250388802488336 0.024 0.03421461897356143
0 0.8 0.43390357698289267 0.024 0.027993779160186624
0 0.11066666666666666 0.5069984447900466 0.02666666666666667 0.03110419906687403
0 0.17 0.8234836702954899 0.030666666666666665 0.03576982892690513
0 0.44466666666666665 0.5738724727838258 0.025333333333333333 0.027993779160186624
0 0.13933333333333334 0.7146189735614308 0.028 0.03265940902021773
0 0.30733333333333335 0.4331259720062208 0.025333333333333333 0.03265940902021773
0 0.25066666666666665 0.4307931570762053 0.02666666666666667 0.027993779160186624
0 0.3626666666666667 0.5373250388802489 0.02666666666666667 0.029548989113530325
0 0.8266666666666667 0.5373250388802489 0.024 0.029548989113530325
0 0.5546666666666666 0.5373250388802489 0.024 0.029548989113530325
0 0.8 0.6104199066874028 0.024 0.026438569206842923
0 0.196 0.7511664074650077 0.024 0.024883359253499222
0 0.11133333333333334 0.8203732503888025 0.025333333333333333 0.029548989113530325
0 0.7453333333333333 0.8576982892690513 0.024 0.026438569206842923
0 0.19666666666666666 0.8950233281493002 0.02266666666666667 0.026438569206842923
0 0.13866666666666666 0.8926905132192846 0.02666666666666667 0.03110419906687403
0 0.11133333333333334 0.6804043545878694 0.025333333333333333 0.026438569206842923
0 0.362 0.7877138413685848 0.025333333333333333 0.02332814930015552
0 0.3353333333333333 0.8242612752721618 0.02266666666666667 0.027993779160186624
0 0.746 0.46967340590979784 0.025333333333333333 0.03110419906687403
0 0.664 0.3965785381026439 0.02666666666666667 0.027993779160186624
0 0.16866666666666666 0.8950233281493002 0.025333333333333333 0.026438569206842923
0 0.6073333333333333 0.39813374805598756 0.025333333333333333 0.03110419906687403
0 0.7446666666666667 0.5723172628304821 0.02266666666666667 0.027993779160186624
0 0.528 0.5031104199066874 0.024 0.026438569206842923
0 0.8273333333333334 0.5023328149300156 0.02266666666666667 0.027993779160186624
0 0.252 0.5388802488335925 0.02666666666666667 0.03265940902021773
0 0.636 0.890357698289269 0.024 0.03265940902021773
0 0.718 0.7488335925349923 0.025333333333333333 0.03265940902021773
0 0.8266666666666667 0.6788491446345256 0.024 0.03265940902021773
0 0.7453333333333333 0.6469673405909798 0.024 0.027993779160186624
0 0.554 0.7146189735614308 0.025333333333333333 0.029548989113530325
0 0.5813333333333334 0.6088646967340591 0.02666666666666667 0.029548989113530325
0 0.4706666666666667 0.359253499222395 0.024 0.03110419906687403
0 0.868 0.32581648522550544 0.04 0.038880248833592534
0 0.8006666666666666 0.5746500777604977 0.025333333333333333 0.03265940902021773
0 0.19466666666666665 0.5769828926905132 0.02666666666666667 0.03110419906687403
0 0.224 0.4331259720062208 0.024 0.026438569206842923
0 0.308 0.5396578538102644 0.02666666666666667 0.03110419906687403
0 0.44466666666666665 0.4681181959564541 0.025333333333333333 0.03110419906687403
0 0.444 0.322706065318818 0.02666666666666667 0.029548989113530325
0 0.472 0.39580093312597203 0.024 0.026438569206842923
0 0.5833333333333334 0.8569206842923794 0.028 0.03110419906687403
0 0.19533333333333333 0.46734059097978226 0.025333333333333333 0.026438569206842923
0 0.334 0.6811819595645412 0.025333333333333333 0.027993779160186624
0 0.392 0.3973561430793157 0.021333333333333333 0.026438569206842923
0 0.2793333333333333 0.7519440124416796 0.02266666666666667 0.026438569206842923
0 0.6633333333333333 0.786158631415241 0.025333333333333333 0.03265940902021773
0 0.6906666666666667 0.5381026438569206 0.024 0.027993779160186624
0 0.5546666666666666 0.8561430793157077 0.021333333333333333 0.03265940902021773
0 0.252 0.859253499222395 0.024 0.029548989113530325
0 0.6633333333333333 0.504665629860031 0.025333333333333333 0.03576982892690513
0 0.7993333333333333 0.645412130637636 0.025333333333333333 0.03110419906687403
0 0.5826666666666667 0.8203732503888025 0.02666666666666667 0.029548989113530325
0 0.5553333333333333 0.3965785381026439 0.02266666666666667 0.027993779160186624
0 0.3913333333333333 0.8926905132192846 0.025333333333333333 0.03110419906687403
0 0.608 0.4331259720062208 0.024 0.029548989113530325
0 0.6926666666666667 0.468895800933126 0.025333333333333333 0.03265940902021773
0 0.25133333333333335 0.6111975116640747 0.025333333333333333 0.03110419906687403
0 0.44266666666666665 0.609642301710731 0.02666666666666667 0.03421461897356143
0 0.3353333333333333 0.7527216174183515 0.02266666666666667 0.03110419906687403
0 0.69 0.645412130637636 0.025333333333333333 0.03110419906687403
0 0.3913333333333333 0.5381026438569206 0.02266666666666667 0.027993779160186624
0 0.7186666666666667 0.7830482115085536 0.02666666666666667 0.029548989113530325
0 0.30733333333333335 0.6780715396578538 0.025333333333333333 0.03110419906687403
0 0.718 0.573094867807154 0.025333333333333333 0.03265940902021773
0 0.3373333333333333 0.32115085536547433 0.02666666666666667 0.03265940902021773
0 0.3353333333333333 0.5381026438569206 0.028 0.027993779160186624
0 0.2786666666666667 0.5738724727838258 0.02666666666666667 0.027993779160186624
0 0.16733333333333333 0.7877138413685848 0.025333333333333333 0.029548989113530325
0 0.2793333333333333 0.5388802488335925 0.025333333333333333 0.026438569206842923
0 0.252 0.6469673405909798 0.02666666666666667 0.03421461897356143
0 0.30733333333333335 0.6119751166407466 0.028 0.03576982892690513
0 0.39066666666666666 0.645412130637636 0.024 0.03110419906687403
0 0.608 0.5738724727838258 0.024 0.027993779160186624
0 0.3606666666666667 0.7519440124416796 0.025333333333333333 0.03265940902021773
0 0.16866666666666666 0.359253499222395 0.025333333333333333 0.03110419906687403
0 0.5806666666666667 0.6788491446345256 0.025333333333333333 0.029548989113530325
0 0.5546666666666666 0.749611197511664 0.024 0.03110419906687403
0 0.13866666666666666 0.39502332814930013 0.02666666666666667 0.03110419906687403
0 0.33466666666666667 0.504665629860031 0.024 0.029548989113530325
0 0.6073333333333333 0.6461897356143079 0.025333333333333333 0.029548989113530325
0 0.13866666666666666 0.7511664074650077 0.02666666666666667 0.03421461897356143
0 0.554 0.6772939346811819 0.025333333333333333 0.029548989113530325
0 0.746 0.7884914463452566 0.025333333333333333 0.03110419906687403
0 0.6626666666666666 0.3265940902021773 0.024 0.03110419906687403
0 0.6073333333333333 0.750388802488336 0.025333333333333333 0.03265940902021773
0 0.69 0.6804043545878694 0.025333333333333333 0.029548989113530325
0 0.308 0.786158631415241 0.02666666666666667 0.029548989113530325
0 0.8 0.5031104199066874 0.024 0.029548989113530325
0 0.7186666666666667 0.8219284603421462 0.024 0.029548989113530325
0 0.336 0.468895800933126 0.024 0.026438569206842923
0 0.5546666666666666 0.786158631415241 0.024 0.029548989113530325
0 0.30933333333333335 0.8934681181959565 0.02666666666666667 0.029548989113530325
0 0.418 0.3608087091757387 0.025333333333333333 0.03110419906687403
0 0.418 0.7534992223950233 0.02266666666666667 0.029548989113530325
0 0.33466666666666667 0.6469673405909798 0.024 0.027993779160186624
0 0.44533333333333336 0.890357698289269 0.024 0.029548989113530325
0 0.608 0.7884914463452566 0.024 0.027993779160186624
0 0.336 0.573094867807154 0.02666666666666667 0.029548989113530325
0 0.6626666666666666 0.8561430793157077 0.024 0.03265940902021773
0 0.608 0.7153965785381027 0.024 0.027993779160186624
0 0.5546666666666666 0.5031104199066874 0.024 0.026438569206842923
0 0.6353333333333333 0.6080870917573873 0.025333333333333333 0.03421461897356143
0 0.6353333333333333 0.7884914463452566 0.025333333333333333 0.03110419906687403
0 0.746 0.39813374805598756 0.025333333333333333 0.03110419906687403
0 0.69 0.8576982892690513 0.025333333333333333 0.03576982892690513
0 0.528 0.8880248833592534 0.02666666666666667 0.027993779160186624
0 0.22266666666666668 0.6461897356143079 0.024 0.03265940902021773
0 0.16733333333333333 0.5762052877138414 0.025333333333333333 0.029548989113530325
0 0.44466666666666665 0.7177293934681181 0.025333333333333333 0.03265940902021773
0 0.41933333333333334 0.8919129082426127 0.02266666666666667 0.029548989113530325
0 0.744 0.5381026438569206 0.02666666666666667 0.027993779160186624
0 0.8133333333333334 0.36158631415241055 0.037333333333333336 0.03576982892690513
0 0.6626666666666666 0.6446345256609642 0.024 0.03265940902021773
0 0.36333333333333334 0.32426127527216175 0.025333333333333333 0.029548989113530325
0 0.5253333333333333 0.6811819595645412 0.029333333333333333 0.03110419906687403
0 0.718 0.5373250388802489 0.028 0.03265940902021773
0 0.6633333333333333 0.7519440124416796 0.025333333333333333 0.029548989113530325
0 0.6093333333333333 0.5038880248833593 0.024 0.027993779160186624
0 0.6913333333333334 0.3250388802488336 0.025333333333333333 0.03110419906687403
0 0.6346666666666667 0.36236391912908245 0.024 0.03110419906687403
0 0.5546666666666666 0.6088646967340591 0.02666666666666667 0.03265940902021773
0 0.44466666666666665 0.6811819595645412 0.025333333333333333 0.03110419906687403
0 0.7193333333333334 0.6088646967340591 0.025333333333333333 0.03265940902021773
0 0.582 0.4331259720062208 0.025333333333333333 0.03265940902021773
0 0.3626666666666667 0.7153965785381027 0.02666666666666667 0.03110419906687403
0 0.2786666666666667 0.6119751166407466 0.02666666666666667 0.03265940902021773
0 0.13866666666666666 0.31959564541213065 0.02666666666666667 0.029548989113530325
0 0.13866666666666666 0.786158631415241 0.02666666666666667 0.029548989113530325
0 0.6633333333333333 0.3608087091757387 0.028 0.03110419906687403
0 0.6646666666666666 0.46734059097978226 0.028 0.029548989113530325
0 0.718 0.8569206842923794 0.025333333333333333 0.03421461897356143
0 0.16733333333333333 0.6835147744945568 0.028 0.03265940902021773
0 0.13866666666666666 0.8234836702954899 0.024 0.03265940902021773
0 0.39 0.7153965785381027 0.02266666666666667 0.03110419906687403
0 0.16866666666666666 0.32426127527216175 0.025333333333333333 0.029548989113530325
0 0.2786666666666667 0.6469673405909798 0.02666666666666667 0.03110419906687403
0 0.25133333333333335 0.468895800933126 0.025333333333333333 0.029548989113530325
0 0.28 0.8926905132192846 0.02666666666666667 0.03110419906687403
0 0.5546666666666666 0.8911353032659409 0.024 0.03110419906687403
0 0.22466666666666665 0.8942457231726283 0.025333333333333333 0.03110419906687403
0 0.7186666666666667 0.39813374805598756 0.024 0.027993779160186624
0 0.3353333333333333 0.7877138413685848 0.025333333333333333 0.026438569206842923
0 0.5546666666666666 0.3608087091757387 0.024 0.03110419906687403
0 0.224 0.5754276827371695 0.024 0.027993779160186624
0 0.13866666666666666 0.35769828926905134 0.02666666666666667 0.03110419906687403
0 0.224 0.7177293934681181 0.02666666666666667 0.03265940902021773
0 0.19666666666666666 0.8608087091757387 0.025333333333333333 0.03265940902021773
0 0.6913333333333334 0.7169517884914464 0.025333333333333333 0.027993779160186624
0 0.362 0.468895800933126 0.025333333333333333 0.03265940902021773
0 0.19533333333333333 0.5412130637636081 0.025333333333333333 0.03421461897356143
0 0.30733333333333335 0.7177293934681181 0.028 0.03576982892690513
0 0.4186666666666667 0.46734059097978226 0.024 0.029548989113530325
0 0.11133333333333334 0.786158631415241 0.025333333333333333 0.03265940902021773
0 0.5833333333333334 0.32426127527216175 0.025333333333333333 0.03265940902021773
0 0.252 0.8934681181959565 0.024 0.03265940902021773
0 0.31066666666666665 0.8195956454121306 0.02666666666666667 0.03110419906687403
0 0.19533333333333333 0.3234836702954899 0.025333333333333333 0.03110419906687403
0 0.5813333333333334 0.5038880248833593 0.02666666666666667 0.027993779160186624
0 0.6086666666666667 0.8211508553654744 0.02266666666666667 0.03110419906687403
0 0.446 0.8219284603421462 0.025333333333333333 0.029548989113530325
0 0.25133333333333335 0.322706065318818 0.025333333333333333 0.03265940902021773
0 0.25133333333333335 0.7169517884914464 0.025333333333333333 0.03110419906687403
0 0.19533333333333333 0.71850699844479 0.025333333333333333 0.03110419906687403
0 0.53 0.3265940902021773 0.028 0.03421461897356143
0 0.608 0.36158631415241055 0.024 0.03265940902021773
0 0.608 0.6811819595645412 0.02666666666666667 0.03110419906687403
0 0.868 0.28615863141524106 0.04 0.04043545878693624
0 0.746 0.8219284603421462 0.025333333333333333 0.03265940902021773
0 0.8 0.7177293934681181 0.02666666666666667 0.03265940902021773
0 0.4706666666666667 0.7153965785381027 0.02666666666666667 0.03110419906687403
0 0.19533333333333333 0.5038880248833593 0.025333333333333333 0.03421461897356143
0 0.746 0.4331259720062208 0.028 0.03265940902021773
0 0.5813333333333334 0.4681181959564541 0.02666666666666667 0.03110419906687403
0 0.746 0.7169517884914464 0.025333333333333333 0.027993779160186624
0 0.8006666666666666 0.6804043545878694 0.025333333333333333 0.03265940902021773
0 0.418 0.7877138413685848 0.025333333333333333 0.029548989113530325
0 0.30866666666666664 0.7534992223950233 0.028 0.03265940902021773
0 0.3913333333333333 0.3234836702954899 0.025333333333333333 0.03421461897356143
0 0.196 0.36003110419906686 0.024 0.03265940902021773
0 0.6066666666666667 0.5373250388802489 0.02666666666666667 0.03265940902021773
0 0.5826666666666667 0.8911353032659409 0.029333333333333333 0.03110419906687403
0 0.3333333333333333 0.7177293934681181 0.02666666666666667 0.03265940902021773
0 0.4706666666666667 0.432348367029549 0.02666666666666667 0.03110419906687403
0 0.444 0.3608087091757387 0.024 0.03110419906687403
0 0.19533333333333333 0.6111975116640747 0.025333333333333333 0.027993779160186624
0 0.44666666666666666 0.8569206842923794 0.02666666666666667 0.03110419906687403
0 0.306 0.504665629860031 0.025333333333333333 0.029548989113530325
0 0.418 0.6461897356143079 0.025333333333333333 0.03265940902021773
0 0.5273333333333333 0.6461897356143079 0.025333333333333333 0.03265940902021773
0 0.6093333333333333 0.8584758942457231 0.024 0.027993779160186624
0 0.7993333333333333 0.3973561430793157 0.025333333333333333 0.03265940902021773
0 0.8133333333333334 0.322706065318818 0.034666666666666665 0.038880248833592534
0 0.25133333333333335 0.5023328149300156 0.025333333333333333 0.03421461897356143
0 0.582 0.3973561430793157 0.025333333333333333 0.029548989113530325
0 0.25133333333333335 0.5723172628304821 0.028 0.03110419906687403
0 0.22333333333333333 0.32426127527216175 0.025333333333333333 0.03265940902021773
0 0.418 0.6119751166407466 0.025333333333333333 0.03265940902021773
0 0.6913333333333334 0.5746500777604977 0.025333333333333333 0.03265940902021773
0 0.19733333333333333 0.4331259720062208 0.02666666666666667 0.03265940902021773
0 0.5286666666666666 0.43390357698289267 0.025333333333333333 0.03110419906687403
0 0.362 0.5746500777604977 0.025333333333333333 0.029548989113530325
0 0.16666666666666666 0.5404354587869362 0.02666666666666667 0.03265940902021773
0 0.6913333333333334 0.7869362363919129 0.025333333333333333 0.027993779160186624
0 0.168 0.609642301710731 0.02666666666666667 0.03110419906687403
0 0.6353333333333333 0.4681181959564541 0.025333333333333333 0.03110419906687403
0 0.4713333333333333 0.5062208398133748 0.028 0.03265940902021773
0 0.224 0.3965785381026439 0.024 0.03110419906687403
0 0.2793333333333333 0.36158631415241055 0.025333333333333333 0.026438569206842923
0 0.634 0.39813374805598756 0.025333333333333333 0.03110419906687403
0 0.4726666666666667 0.7884914463452566 0.028 0.03421461897356143
0 0.392 0.36236391912908245 0.024 0.03110419906687403
0 0.4166666666666667 0.71850699844479 0.025333333333333333 0.03110419906687403
0 0.36333333333333334 0.359253499222395 0.025333333333333333 0.03110419906687403
0 0.5813333333333334 0.7169517884914464 0.02666666666666667 0.03421461897356143
0 0.4726666666666667 0.7511664074650077 0.028 0.03421461897356143
0 0.33666666666666667 0.359253499222395 0.025333333333333333 0.027993779160186624
0 0.334 0.6104199066874028 0.025333333333333333 0.03265940902021773
0 0.662 0.7153965785381027 0.025333333333333333 0.03110419906687403
0 0.138 0.5738724727838258 0.028 0.03421461897356143