0 0.22125 0.8441455696202531 0.0325 0.030063291139240507
0 0.33125 0.8425632911392406 0.0325 0.03322784810126582
0 0.113125 0.49287974683544306 0.03375 0.03322784810126582
0 0.715 0.7231012658227848 0.0325 0.03164556962025317
0 0.11375 0.4620253164556962 0.035 0.03164556962025317
0 0.65875 0.817246835443038 0.0325 0.030063291139240507
0 0.111875 0.6487341772151899 0.03375 0.03481012658227848
0 0.16875 0.5261075949367089 0.0325 0.03322784810126582
0 0.33375 0.4936708860759494 0.035 0.03164556962025317
0 0.11125 0.7128164556962026 0.0325 0.03322784810126582
0 0.826875 0.6305379746835443 0.03375 0.02689873417721519
0 0.71375 0.8473101265822784 0.0325 0.03322784810126582
0 0.66 0.7848101265822784 0.035 0.03481012658227848
0 0.113125 0.5537974683544303 0.03375 0.03481012658227848
0 0.77 0.7871835443037974 0.0325 0.03322784810126582
0 0.770625 0.884493670886076 0.03375 0.03164556962025317
0 0.1125 0.5221518987341772 0.0325 0.03164556962025317
0 0.33125 0.8132911392405063 0.0325 0.03164556962025317
0 0.39125 0.4311708860759494 0.0325 0.03322784810126582
0 0.715625 0.6906645569620253 0.03375 0.03639240506329114
0 0.223125 0.557753164556962 0.03375 0.030063291139240507
0 0.111875 0.682753164556962 0.03125 0.03322784810126582
0 0.55 0.879746835443038 0.0325 0.03164556962025317
0 0.714375 0.814873417721519 0.03375 0.03164556962025317
0 0.66 0.752373417721519 0.035 0.03322784810126582
0 0.881875 0.5996835443037974 0.03375 0.03164556962025317
0 0.440625 0.8164556962025317 0.03625 0.03164556962025317
0 0.825625 0.8212025316455697 0.03625 0.03481012658227848
0 0.17 0.3947784810126582 0.0325 0.03639240506329114
0 0.826875 0.6598101265822784 0.03375 0.03164556962025317
0 0.11125 0.7444620253164557 0.035 0.03322784810126582
0 0.110625 0.7768987341772152 0.03375 0.03164556962025317
0 0.7175 0.49920886075949367 0.035 0.03322784810126582
0 0.223125 0.6218354430379747 0.03375 0.03481012658227848
0 0.28 0.4920886075949367 0.0325 0.03164556962025317
0 0.221875 0.7143987341772152 0.03125 0.030063291139240507
0 0.71625 0.6281645569620253 0.035 0.03481012658227848
0 0.16625 0.7444620253164557 0.035 0.03322784810126582
0 0.331875 0.7492088607594937 0.03375 0.03322784810126582
0 0.881875 0.47468354430379744 0.03375 0.03164556962025317
0 0.169375 0.4588607594936709 0.03375 0.03164556962025317
0 0.2775 0.7460443037974683 0.0325 0.03322784810126582
0 0.276875 0.7151898734177216 0.03375 0.03164556962025317
0 0.661875 0.37104430379746833 0.03375 0.030063291139240507
0 0.880625 0.5680379746835443 0.03375 0.03164556962025317
0 0.331875 0.6859177215189873 0.03375 0.030063291139240507
0 0.111875 0.807753164556962 0.03375 0.03322784810126582
0 0.496875 0.7927215189873418 0.03125 0.03481012658227848
0 0.110625 0.8742088607594937 0.03625 0.03322784810126582
0 0.113125 0.5854430379746836 0.03375 0.03164556962025317
0 0.225 0.4272151898734177 0.0325 0.03164556962025317
0 0.71875 0.37104430379746833 0.0325 0.03322784810126582
0 0.77 0.8528481012658228 0.0325 0.03481012658227848
0 0.280625 0.4295886075949367 0.03375 0.03322784810126582
0 0.331875 0.8765822784810127 0.03125 0.03164556962025317
0 0.715625 0.5957278481012658 0.03375 0.030063291139240507
0 0.55 0.7215189873417721 0.0325 0.03164556962025317
0 0.166875 0.7776898734177216 0.03625 0.03322784810126582
0 0.390625 0.40110759493670883 0.03625 0.030063291139240507
0 0.11125 0.8417721518987342 0.035 0.03481012658227848
0 0.826875 0.567246835443038 0.03125 0.030063291139240507
0 0.33375 0.5253164556962026 0.035 0.03481012658227848
0 0.55 0.7863924050632911 0.0375 0.03164556962025317
0 0.3325 0.7167721518987342 0.035 0.03164556962025317
0 0.334375 0.46281645569620256 0.03375 0.03322784810126582
0 0.77 0.7563291139240507 0.0325 0.028481012658227847
0 0.335625 0.4295886075949367 0.03875 0.03322784810126582
0 0.44125 0.8789556962025317 0.0375 0.03322784810126582
0 0.444375 0.5292721518987342 0.03375 0.03322784810126582
0 0.549375 0.814873417721519 0.03625 0.03164556962025317
0 0.771875 0.5981012658227848 0.03375 0.03481012658227848
0 0.77125 0.7246835443037974 0.035 0.03164556962025317
0 0.279375 0.555379746835443 0.03375 0.03164556962025317
0 0.71375 0.7840189873417721 0.0325 0.030063291139240507
0 0.55 0.7531645569620253 0.0375 0.03481012658227848
0 0.2775 0.8433544303797469 0.035 0.03164556962025317
0 0.66125 0.46914556962025317 0.0325 0.030063291139240507
0 0.44 0.8481012658227848 0.035 0.03164556962025317
0 0.169375 0.4920886075949367 0.03375 0.03481012658227848
0 0.714375 0.7539556962025317 0.03375 0.030063291139240507
0 0.771875 0.6621835443037974 0.03375 0.03322784810126582
0 0.224375 0.4596518987341772 0.03375 0.03322784810126582
0 0.77125 0.6938291139240507 0.035 0.03322784810126582
0 0.660625 0.7223101265822784 0.03375 0.030063291139240507
0 0.828125 0.37420886075949367 0.03625 0.03639240506329114
0 0.33625 0.39794303797468356 0.0375 0.03639240506329114
0 0.828125 0.4074367088607595 0.03625 0.030063291139240507
0 0.115 0.3939873417721519 0.0325 0.03481012658227848
0 0.659375 0.882120253164557 0.03625 0.03322784810126582
0 0.658125 0.8504746835443038 0.03375 0.03322784810126582
0 0.225 0.3947784810126582 0.035 0.03322784810126582
0 0.331875 0.6558544303797469 0.03125 0.03322784810126582
0 0.7175 0.46835443037974683 0.0325 0.03164556962025317
0 0.7725 0.5332278481012658 0.0325 0.03481012658227848
0 0.605625 0.6574367088607594 0.03625 0.03322784810126582
0 0.826875 0.5356012658227848 0.03375 0.030063291139240507
0 0.828125 0.43829113924050633 0.03375 0.03164556962025317
0 0.2775 0.7792721518987342 0.035 0.03322784810126582
0 0.54875 0.8481012658227848 0.035 0.03481012658227848
0 0.60625 0.7223101265822784 0.035 0.03322784810126582
0 0.276875 0.685126582278481 0.03375 0.03164556962025317
0 0.16625 0.810126582278481 0.0375 0.03481012658227848
0 0.223125 0.5886075949367089 0.03625 0.03164556962025317
0 0.441875 0.7840189873417721 0.03375 0.03322784810126582
0 0.224375 0.49287974683544306 0.03375 0.03322784810126582
0 0.605 0.754746835443038 0.035 0.03481012658227848
0 0.60625 0.6281645569620253 0.035 0.03164556962025317
0 0.280625 0.3963607594936709 0.03375 0.03639240506329114
0 0.71625 0.5656645569620253 0.035 0.03322784810126582
0 0.276875 0.6518987341772152 0.03125 0.03164556962025317
0 0.881875 0.5363924050632911 0.03625 0.03481012658227848
0 0.66125 0.5965189873417721 0.0325 0.028481012658227847
0 0.66125 0.6590189873417721 0.035 0.03322784810126582
0 0.60625 0.5656645569620253 0.0325 0.030063291139240507
0 0.826875 0.692246835443038 0.03375 0.030063291139240507
0 0.3325 0.5893987341772152 0.0325 0.030063291139240507
0 0.333125 0.5585443037974683 0.03375 0.03164556962025317
0 0.8275 0.47072784810126583 0.035 0.03322784810126582
0 0.166875 0.6518987341772152 0.03625 0.03481012658227848
0 0.2225 0.6843354430379747 0.0325 0.03322784810126582
0 0.71375 0.8813291139240507 0.035 0.03481012658227848
0 0.605625 0.8813291139240507 0.03375 0.03164556962025317
0 0.276875 0.8757911392405063 0.03625 0.03322784810126582
0 0.605 0.8180379746835443 0.035 0.028481012658227847
0 0.22125 0.7824367088607594 0.0325 0.028481012658227847
0 0.5 0.5458860759493671 0.0325 0.011075949367088608
0 0.5125 0.6210443037974683 0.0225 0.0189873417721519
0 0.510625 0.7033227848101266 0.02125 0.020569620253164556
0 0.879375 0.8694620253164557 0.03 0.01740506329113924
0 0.879375 0.8488924050632911 0.02875 0.02531645569620253
0 0.5 0.442246835443038 0.0325 0.0189873417721519
0 0.500625 0.3900316455696203 0.035 0.022151898734177215
0 0.501875 0.3512658227848101 0.03 0.0189873417721519
0 0.50125 0.3322784810126582 0.02625 0.0189873417721519
0 0.881875 0.7294303797468354 0.03375 0.02531645569620253
0 0.881875 0.6954113924050633 0.03625 0.03955696202531646
0 0.44125 0.7191455696202531 0.035 0.03322784810126582
0 0.551875 0.5617088607594937 0.03375 0.03164556962025317
0 0.66125 0.564873417721519 0.035 0.03481012658227848
0 0.553125 0.4675632911392405 0.03375 0.03322784810126582
0 0.606875 0.5332278481012658 0.03375 0.03481012658227848
0 0.5525 0.5 0.035 0.03164556962025317
0 0.7175 0.40427215189873417 0.0325 0.03322784810126582
0 0.716875 0.5332278481012658 0.03625 0.03481012658227848
0 0.553125 0.40427215189873417 0.03375 0.03322784810126582
0 0.331875 0.6218354430379747 0.03375 0.03481012658227848
0 0.8275 0.5039556962025317 0.035 0.03322784810126582
0 0.60625 0.5973101265822784 0.0325 0.03322784810126582
0 0.66125 0.5 0.035 0.03164556962025317
0 0.88375 0.37579113924050633 0.035 0.03639240506329114
0 0.443125 0.5941455696202531 0.03375 0.03322784810126582
0 0.77125 0.40664556962025317 0.035 0.03164556962025317
0 0.446875 0.36787974683544306 0.03375 0.03955696202531646
0 0.55375 0.370253164556962 0.035 0.03481012658227848
0 0.55125 0.5957278481012658 0.035 0.03322784810126582
0 0.66125 0.5316455696202531 0.035 0.03164556962025317
0 0.445 0.46439873417721517 0.035 0.03322784810126582
0 0.606875 0.5 0.03375 0.03164556962025317
0 0.606875 0.4675632911392405 0.03375 0.030063291139240507
0 0.661875 0.40427215189873417 0.03125 0.03322784810126582
0 0.8825 0.442246835443038 0.035 0.03322784810126582
0 0.6075 0.4375 0.035 0.030063291139240507
0 0.77125 0.5656645569620253 0.035 0.03322784810126582
0 0.44625 0.43433544303797467 0.0325 0.030063291139240507
0 0.553125 0.43591772151898733 0.03375 0.030063291139240507
0 0.444375 0.49683544303797467 0.03375 0.03164556962025317
0 0.279375 0.5237341772151899 0.03375 0.03481012658227848
0 0.444375 0.5617088607594937 0.03375 0.03164556962025317
0 0.660625 0.6906645569620253 0.03375 0.03322784810126582
0 0.27875 0.620253164556962 0.035 0.03164556962025317
0 0.82625 0.7262658227848101 0.035 0.03481012658227848
0 0.390625 0.3662974683544304 0.03625 0.03639240506329114
0 0.661875 0.6257911392405063 0.03375 0.03322784810126582
0 0.716875 0.43670886075949367 0.03375 0.03164556962025317
0 0.771875 0.43829113924050633 0.03375 0.03164556962025317
0 0.55 0.6281645569620253 0.035 0.03164556962025317
0 0.279375 0.5878164556962026 0.03375 0.03322784810126582
0 0.55 0.6574367088607594 0.035 0.03322784810126582
0 0.5525 0.5292721518987342 0.0325 0.030063291139240507
0 0.4425 0.6242088607594937 0.0325 0.030063291139240507
0 0.605625 0.8488924050632911 0.03625 0.03322784810126582
0 0.60625 0.6906645569620253 0.0375 0.03322784810126582
0 0.8275 0.5988924050632911 0.035 0.03639240506329114
0 0.55 0.689873417721519 0.035 0.03164556962025317
0 0.2775 0.8117088607594937 0.035 0.03481012658227848
0 0.60875 0.37183544303797467 0.035 0.03481012658227848
0 0.1675 0.6194620253164557 0.035 0.03322784810126582
0 0.22375 0.5261075949367089 0.035 0.03322784810126582
0 0.60875 0.4050632911392405 0.0325 0.03164556962025317
0 0.77125 0.47072784810126583 0.035 0.03322784810126582
0 0.883125 0.4098101265822785 0.03375 0.03164556962025317
0 0.44625 0.40348101265822783 0.0325 0.03164556962025317
0 0.28 0.4620253164556962 0.035 0.03481012658227848
0 0.661875 0.43829113924050633 0.03125 0.03164556962025317
0 0.22125 0.8765822784810127 0.0375 0.03481012658227848
0 0.605625 0.7879746835443038 0.03375 0.028481012658227847
0 0.499375 0.502373417721519 0.03375 0.030063291139240507
0 0.221875 0.7484177215189873 0.03375 0.0379746835443038
0 0.223125 0.6518987341772152 0.03125 0.03164556962025317
0 0.8825 0.5039556962025317 0.0325 0.030063291139240507
0 0.4425 0.6566455696202531 0.0325 0.03164556962025317
0 0.77125 0.5015822784810127 0.035 0.028481012658227847
0 0.7725 0.37183544303797467 0.035 0.03481012658227848
0 0.1675 0.7041139240506329 0.0375 0.04430379746835443
0 0.51375 0.5814873417721519 0.02 0.02689873417721519
0 0.331875 0.7824367088607594 0.03125 0.03322784810126582
0 0.88125 0.632120253164557 0.035 0.03322784810126582
0 0.771875 0.6305379746835443 0.03375 0.03322784810126582
0 0.508125 0.8504746835443038 0.02125 0.023734177215189875
0 0.111875 0.617879746835443 0.03125 0.030063291139240507
0 0.77 0.8180379746835443 0.0325 0.03164556962025317
0 0.169375 0.4287974683544304 0.03125 0.03164556962025317
0 0.71625 0.6598101265822784 0.035 0.028481012658227847
0 0.511875 0.6629746835443038 0.02125 0.022151898734177215
0 0.88 0.7903481012658228 0.0325 0.03322784810126582
0 0.50875 0.8765822784810127 0.0225 0.02531645569620253
0 0.114375 0.42800632911392406 0.03375 0.03322784810126582
0 0.165625 0.8417721518987342 0.03125 0.03164556962025317
0 0.220625 0.8125 0.03125 0.03322784810126582
0 0.168125 0.557753164556962 0.03375 0.03322784810126582
0 0.511875 0.6416139240506329 0.02125 0.023734177215189875
0 0.825625 0.8694620253164557 0.03625 0.058544303797468354
0 0.5 0.4177215189873418 0.0325 0.03164556962025317
0 0.50125 0.3694620253164557 0.035 0.020569620253164556
0 0.5125 0.6028481012658228 0.02 0.0189873417721519
0 0.51 0.6835443037974683 0.0225 0.015822784810126583
0 0.4425 0.6875 0.0325 0.03322784810126582
0 0.5 0.46044303797468356 0.0325 0.0189873417721519
0 0.88125 0.6629746835443038 0.035 0.028481012658227847
0 0.879375 0.8884493670886076 0.03625 0.023734177215189875
0 0.879375 0.8235759493670886 0.03375 0.030063291139240507
0 0.165 0.875 0.035 0.03481012658227848
0 0.82625 0.7579113924050633 0.0325 0.028481012658227847
0 0.825 0.7887658227848101 0.035 0.030063291139240507
0 0.49875 0.5300632911392406 0.0375 0.022151898734177215
0 0.1675 0.5886075949367089 0.035 0.028481012658227847
0 0.880625 0.7587025316455697 0.03375 0.030063291139240507
0 0.44125 0.752373417721519 0.035 0.030063291139240507