0 0.5016666666666667 0.48932676518883417 0.03888888888888889 0.0361247947454844
0 0.5122222222222222 0.7454844006568144 0.022222222222222223 0.029556650246305417
0 0.295 0.33169129720853857 0.03222222222222222 0.042692939244663386
0 0.5033333333333333 0.3505747126436782 0.04 0.034482758620689655
0 0.39666666666666667 0.8686371100164204 0.035555555555555556 0.042692939244663386
0 0.3977777777777778 0.7027914614121511 0.03333333333333333 0.042692939244663386
0 0.5022222222222222 0.28078817733990147 0.04 0.03284072249589491
0 0.6033333333333334 0.33169129720853857 0.03111111111111111 0.042692939244663386
0 0.13722222222222222 0.8251231527093597 0.03222222222222222 0.03776683087027915
0 0.09055555555555556 0.3694581280788177 0.03222222222222222 0.042692939244663386
0 0.5022222222222222 0.21182266009852216 0.042222222222222223 0.029556650246305417
0 0.5022222222222222 0.1477832512315271 0.042222222222222223 0.03284072249589491
0 0.19166666666666668 0.5336617405582923 0.03222222222222222 0.03940886699507389
0 0.5038888888888889 0.3768472906403941 0.04111111111111111 0.03776683087027915
0 0.7044444444444444 0.7044334975369458 0.03333333333333333 0.042692939244663386
0 0.29388888888888887 0.7011494252873564 0.034444444444444444 0.03940886699507389
0 0.13833333333333334 0.7413793103448276 0.03222222222222222 0.03776683087027915
0 0.13833333333333334 0.7824302134646962 0.034444444444444444 0.04433497536945813
0 0.13777777777777778 0.8645320197044335 0.03333333333333333 0.04433497536945813
0 0.13777777777777778 0.9088669950738916 0.035555555555555556 0.04433497536945813
0 0.5033333333333333 0.31444991789819376 0.04 0.03776683087027915
0 0.705 0.3284072249589491 0.034444444444444444 0.0361247947454844
0 0.5033333333333333 0.18144499178981938 0.042222222222222223 0.034482758620689655
0 0.6538888888888889 0.8267651888341544 0.03222222222222222 0.03776683087027915
0 0.9111111111111111 0.41625615763546797 0.035555555555555556 0.041050903119868636
0 0.7055555555555556 0.5804597701149425 0.03333333333333333 0.03776683087027915
0 0.18944444444444444 0.8234811165845649 0.03222222222222222 0.03776683087027915
0 0.1388888888888889 0.7019704433497537 0.035555555555555556 0.04433497536945813
0 0.5516666666666666 0.8702791461412152 0.034444444444444444 0.03940886699507389
0 0.4488888888888889 0.7454844006568144 0.03333333333333333 0.03940886699507389
0 0.6538888888888889 0.37520525451559933 0.03222222222222222 0.041050903119868636
0 0.4483333333333333 0.8267651888341544 0.03222222222222222 0.041050903119868636
0 0.1388888888888889 0.6600985221674877 0.035555555555555556 0.042692939244663386
0 0.19055555555555556 0.7430213464696224 0.03222222222222222 0.03776683087027915
0 0.2411111111111111 0.8251231527093597 0.03333333333333333 0.03776683087027915
0 0.6544444444444445 0.867816091954023 0.03333333333333333 0.04433497536945813
0 0.7055555555555556 0.4967159277504105 0.03333333333333333 0.04433497536945813
0 0.3988888888888889 0.36863711001642036 0.03333333333333333 0.03776683087027915
0 0.24444444444444444 0.3275862068965517 0.03333333333333333 0.041050903119868636
0 0.1922222222222222 0.28653530377668307 0.03333333333333333 0.04433497536945813
0 0.14055555555555554 0.45320197044334976 0.034444444444444444 0.042692939244663386
0 0.19055555555555556 0.6584564860426929 0.03222222222222222 0.03940886699507389
0 0.5527777777777778 0.4154351395730706 0.03222222222222222 0.03940886699507389
0 0.1922222222222222 0.4121510673234811 0.035555555555555556 0.042692939244663386
0 0.6544444444444445 0.6625615763546798 0.03333333333333333 0.041050903119868636
0 0.5511111111111111 0.5796387520525451 0.03333333333333333 0.03940886699507389
0 0.29388888888888887 0.7405582922824302 0.034444444444444444 0.03940886699507389
0 0.24388888888888888 0.4540229885057471 0.03222222222222222 0.04433497536945813
0 0.7577777777777778 0.7463054187192119 0.03777777777777778 0.04433497536945813
0 0.6533333333333333 0.29064039408866993 0.03333333333333333 0.042692939244663386
0 0.295 0.577175697865353 0.034444444444444444 0.041050903119868636
0 0.29444444444444445 0.6609195402298851 0.035555555555555556 0.041050903119868636
0 0.3461111111111111 0.6182266009852216 0.034444444444444444 0.041050903119868636
0 0.8072222222222222 0.24876847290640394 0.034444444444444444 0.04433497536945813
0 0.3988888888888889 0.4121510673234811 0.03333333333333333 0.042692939244663386
0 0.39944444444444444 0.32922824302134646 0.034444444444444444 0.041050903119868636
0 0.8583333333333333 0.2881773399014778 0.034444444444444444 0.047619047619047616
0 0.7572222222222222 0.24794745484400657 0.034444444444444444 0.042692939244663386
0 0.3461111111111111 0.4540229885057471 0.034444444444444444 0.041050903119868636
0 0.6538888888888889 0.4967159277504105 0.03222222222222222 0.041050903119868636
0 0.3977777777777778 0.6625615763546798 0.03333333333333333 0.041050903119868636
0 0.24333333333333335 0.49507389162561577 0.03333333333333333 0.041050903119868636
0 0.34555555555555556 0.6600985221674877 0.03333333333333333 0.042692939244663386
0 0.45111111111111113 0.2857142857142857 0.03333333333333333 0.04597701149425287
0 0.3977777777777778 0.5788177339901478 0.03333333333333333 0.041050903119868636
0 0.34555555555555556 0.7027914614121511 0.035555555555555556 0.042692939244663386
0 0.19166666666666668 0.5747126436781609 0.034444444444444444 0.042692939244663386
0 0.14 0.4121510673234811 0.035555555555555556 0.042692939244663386
0 0.2427777777777778 0.5755336617405583 0.034444444444444444 0.041050903119868636
0 0.5522222222222222 0.4975369458128079 0.03333333333333333 0.042692939244663386
0 0.45055555555555554 0.37192118226600984 0.03222222222222222 0.041050903119868636
0 0.4494444444444444 0.5385878489326765 0.034444444444444444 0.042692939244663386
0 0.5522222222222222 0.24794745484400657 0.03333333333333333 0.042692939244663386
0 0.3472222222222222 0.41133004926108374 0.034444444444444444 0.04433497536945813
0 0.5516666666666666 0.29064039408866993 0.03222222222222222 0.03940886699507389
0 0.34833333333333333 0.2881773399014778 0.03222222222222222 0.04433497536945813
0 0.24388888888888888 0.37110016420361247 0.034444444444444444 0.042692939244663386
0 0.7572222222222222 0.33169129720853857 0.034444444444444444 0.042692939244663386
0 0.6033333333333334 0.5385878489326765 0.03333333333333333 0.042692939244663386
0 0.19166666666666668 0.4548440065681445 0.03222222222222222 0.042692939244663386
0 0.2427777777777778 0.535303776683087 0.034444444444444444 0.03940886699507389
0 0.5516666666666666 0.5385878489326765 0.034444444444444444 0.042692939244663386
0 0.6033333333333334 0.45648604269293924 0.03333333333333333 0.03940886699507389
0 0.45111111111111113 0.3308702791461412 0.03333333333333333 0.041050903119868636
0 0.3466666666666667 0.5369458128078818 0.03333333333333333 0.042692939244663386
0 0.3466666666666667 0.4942528735632184 0.035555555555555556 0.042692939244663386
0 0.5516666666666666 0.33169129720853857 0.034444444444444444 0.042692939244663386
0 0.45 0.41379310344827586 0.03333333333333333 0.04597701149425287
0 0.34833333333333333 0.3308702791461412 0.03222222222222222 0.041050903119868636
0 0.14055555555555554 0.493431855500821 0.03222222222222222 0.041050903119868636
0 0.5522222222222222 0.45648604269293924 0.03111111111111111 0.03940886699507389
0 0.6533333333333333 0.1568144499178982 0.03333333333333333 0.047619047619047616
0 0.345 0.7438423645320197 0.034444444444444444 0.03940886699507389
0 0.18944444444444444 0.9113300492610837 0.03666666666666667 0.04926108374384237
0 0.7566666666666667 0.20525451559934318 0.03333333333333333 0.042692939244663386
0 0.13944444444444445 0.5747126436781609 0.034444444444444444 0.042692939244663386
0 0.5516666666666666 0.6198686371100164 0.03222222222222222 0.041050903119868636
0 0.6538888888888889 0.5788177339901478 0.03 0.041050903119868636
0 0.3983333333333333 0.5385878489326765 0.034444444444444444 0.03940886699507389
0 0.7572222222222222 0.6617405582922824 0.034444444444444444 0.042692939244663386
0 0.2427777777777778 0.6174055829228243 0.034444444444444444 0.03940886699507389
0 0.4488888888888889 0.6600985221674877 0.03333333333333333 0.03940886699507389
0 0.39944444444444444 0.2848932676518883 0.034444444444444444 0.047619047619047616
0 0.655 0.45566502463054187 0.03222222222222222 0.041050903119868636
0 0.295 0.4129720853858785 0.03222222222222222 0.041050903119868636
0 0.7566666666666667 0.41379310344827586 0.035555555555555556 0.03940886699507389
0 0.7561111111111111 0.15845648604269294 0.03666666666666667 0.05090311986863711
0 0.3977777777777778 0.8267651888341544 0.035555555555555556 0.04433497536945813
0 0.45 0.45648604269293924 0.03111111111111111 0.03940886699507389
0 0.8083333333333333 0.2914614121510673 0.03222222222222222 0.041050903119868636
0 0.5516666666666666 0.20525451559934318 0.03222222222222222 0.042692939244663386
0 0.6527777777777778 0.2044334975369458 0.034444444444444444 0.04433497536945813
0 0.6538888888888889 0.5377668308702791 0.03 0.041050903119868636
0 0.08944444444444444 0.2857142857142857 0.034444444444444444 0.04597701149425287
0 0.24166666666666667 0.7848932676518884 0.034444444444444444 0.042692939244663386
0 0.7566666666666667 0.49589490968801314 0.03777777777777778 0.04597701149425287
0 0.7044444444444444 0.24876847290640394 0.035555555555555556 0.04433497536945813
0 0.6033333333333334 0.41379310344827586 0.03333333333333333 0.042692939244663386
0 0.6544444444444445 0.7036124794745484 0.035555555555555556 0.04433497536945813
0 0.6027777777777777 0.4975369458128079 0.034444444444444444 0.042692939244663386
0 0.8077777777777778 0.20607553366174056 0.03333333333333333 0.041050903119868636
0 0.14055555555555554 0.5328407224958949 0.034444444444444444 0.041050903119868636
0 0.19166666666666668 0.49507389162561577 0.03222222222222222 0.03776683087027915
0 0.7038888888888889 0.1568144499178982 0.03666666666666667 0.05090311986863711
0 0.4488888888888889 0.5804597701149425 0.035555555555555556 0.041050903119868636
0 0.3988888888888889 0.4548440065681445 0.03333333333333333 0.03940886699507389
0 0.9111111111111111 0.37438423645320196 0.035555555555555556 0.042692939244663386
0 0.29444444444444445 0.28735632183908044 0.03333333333333333 0.04597701149425287
0 0.5522222222222222 0.6625615763546798 0.03333333333333333 0.041050903119868636
0 0.7572222222222222 0.29064039408866993 0.03222222222222222 0.03940886699507389
0 0.5522222222222222 0.37438423645320196 0.03333333333333333 0.03940886699507389
0 0.6527777777777778 0.24794745484400657 0.034444444444444444 0.03940886699507389
0 0.3988888888888889 0.4967159277504105 0.03333333333333333 0.04433497536945813
0 0.705 0.20607553366174056 0.034444444444444444 0.04433497536945813
0 0.24222222222222223 0.6600985221674877 0.035555555555555556 0.042692939244663386
0 0.3477777777777778 0.3702791461412151 0.03333333333333333 0.034482758620689655
0 0.295 0.4540229885057471 0.034444444444444444 0.041050903119868636
0 0.5522222222222222 0.15845648604269294 0.03333333333333333 0.047619047619047616
0 0.29555555555555557 0.4967159277504105 0.03333333333333333 0.041050903119868636
0 0.19055555555555556 0.6174055829228243 0.034444444444444444 0.03940886699507389
0 0.5011111111111111 0.44991789819376027 0.04 0.042692939244663386
0 0.44722222222222224 0.9121510673234812 0.034444444444444444 0.04433497536945813
0 0.6544444444444445 0.7873563218390804 0.03333333333333333 0.041050903119868636
0 0.8077777777777778 0.3366174055829228 0.03333333333333333 0.04597701149425287
0 0.9105555555555556 0.33497536945812806 0.034444444444444444 0.03940886699507389
0 0.655 0.9129720853858785 0.034444444444444444 0.042692939244663386
0 0.91 0.2939244663382594 0.035555555555555556 0.042692939244663386
0 0.09055555555555556 0.3284072249589491 0.034444444444444444 0.03940886699507389
0 0.7572222222222222 0.6206896551724138 0.03222222222222222 0.03940886699507389
0 0.3461111111111111 0.9113300492610837 0.034444444444444444 0.042692939244663386
0 0.5027777777777778 0.24630541871921183 0.04111111111111111 0.042692939244663386
0 0.8594444444444445 0.37438423645320196 0.034444444444444444 0.042692939244663386
0 0.8594444444444445 0.49835796387520526 0.034444444444444444 0.047619047619047616
0 0.8594444444444445 0.4548440065681445 0.03222222222222222 0.03940886699507389
0 0.2927777777777778 0.9121510673234812 0.03666666666666667 0.047619047619047616
0 0.6544444444444445 0.7454844006568144 0.03333333333333333 0.03940886699507389
0 0.4477777777777778 0.867816091954023 0.03333333333333333 0.041050903119868636
0 0.7055555555555556 0.5402298850574713 0.03333333333333333 0.042692939244663386
0 0.5516666666666666 0.9146141215106732 0.03666666666666667 0.04926108374384237
0 0.5522222222222222 0.7848932676518884 0.03333333333333333 0.03940886699507389
0 0.2927777777777778 0.8669950738916257 0.03666666666666667 0.042692939244663386
0 0.8588888888888889 0.41461412151067323 0.03333333333333333 0.041050903119868636
0 0.4483333333333333 0.7848932676518884 0.03222222222222222 0.03940886699507389
0 0.29555555555555557 0.5361247947454844 0.03333333333333333 0.041050903119868636
0 0.91 0.2044334975369458 0.035555555555555556 0.04433497536945813
0 0.14 0.6174055829228243 0.035555555555555556 0.042692939244663386
0 0.8077777777777778 0.1592775041050903 0.03333333333333333 0.04926108374384237
0 0.6538888888888889 0.33497536945812806 0.03222222222222222 0.042692939244663386
0 0.9105555555555556 0.15845648604269294 0.034444444444444444 0.04433497536945813
0 0.1922222222222222 0.3284072249589491 0.03333333333333333 0.03940886699507389
0 0.19055555555555556 0.7011494252873564 0.034444444444444444 0.042692939244663386
0 0.655 0.4154351395730706 0.03222222222222222 0.03940886699507389
0 0.24388888888888888 0.2848932676518883 0.034444444444444444 0.041050903119868636
0 0.4488888888888889 0.7019704433497537 0.03333333333333333 0.047619047619047616
0 0.5511111111111111 0.7036124794745484 0.03333333333333333 0.041050903119868636
0 0.7044444444444444 0.37192118226600984 0.03333333333333333 0.047619047619047616
0 0.7572222222222222 0.5385878489326765 0.034444444444444444 0.03940886699507389
0 0.2411111111111111 0.8661740558292282 0.03333333333333333 0.041050903119868636
0 0.6033333333333334 0.28981937602627256 0.03333333333333333 0.041050903119868636
0 0.7566666666666667 0.4548440065681445 0.035555555555555556 0.03940886699507389
0 0.6033333333333334 0.37192118226600984 0.03111111111111111 0.03776683087027915
0 0.1411111111111111 0.3284072249589491 0.035555555555555556 0.042692939244663386
0 0.6538888888888889 0.6198686371100164 0.03222222222222222 0.04433497536945813
0 0.45055555555555554 0.4967159277504105 0.03222222222222222 0.041050903119868636
0 0.3972222222222222 0.784072249589491 0.034444444444444444 0.03776683087027915
0 0.705 0.41461412151067323 0.034444444444444444 0.041050903119868636
0 0.345 0.784072249589491 0.034444444444444444 0.041050903119868636
0 0.1922222222222222 0.36863711001642036 0.03333333333333333 0.041050903119868636
0 0.4488888888888889 0.6190476190476191 0.03333333333333333 0.03940886699507389
0 0.18888888888888888 0.8653530377668309 0.035555555555555556 0.042692939244663386
0 0.3972222222222222 0.9146141215106732 0.034444444444444444 0.04926108374384237
0 0.7572222222222222 0.7027914614121511 0.034444444444444444 0.042692939244663386
0 0.29388888888888887 0.7816091954022989 0.034444444444444444 0.03940886699507389
0 0.09 0.41133004926108374 0.03333333333333333 0.041050903119868636
0 0.1411111111111111 0.28407224958949095 0.035555555555555556 0.042692939244663386
0 0.9105555555555556 0.24794745484400657 0.03666666666666667 0.04597701149425287
0 0.29555555555555557 0.37192118226600984 0.03333333333333333 0.03776683087027915
0 0.8583333333333333 0.3333333333333333 0.034444444444444444 0.042692939244663386
0 0.34555555555555556 0.8243021346469622 0.03333333333333333 0.03940886699507389
0 0.5522222222222222 0.8284072249589491 0.03333333333333333 0.04433497536945813
0 0.2411111111111111 0.7422003284072249 0.03333333333333333 0.042692939244663386
0 0.24055555555555555 0.9121510673234812 0.03666666666666667 0.047619047619047616
0 0.3977777777777778 0.6190476190476191 0.03333333333333333 0.042692939244663386
0 0.3972222222222222 0.7446633825944171 0.034444444444444444 0.041050903119868636
0 0.18944444444444444 0.7832512315270936 0.03666666666666667 0.042692939244663386
0 0.5516666666666666 0.7446633825944171 0.03222222222222222 0.041050903119868636
0 0.7038888888888889 0.29064039408866993 0.034444444444444444 0.03940886699507389
0 0.7572222222222222 0.5788177339901478 0.034444444444444444 0.04433497536945813
0 0.3472222222222222 0.5779967159277504 0.03 0.03940886699507389
0 0.7061111111111111 0.6206896551724138 0.034444444444444444 0.042692939244663386
0 0.24166666666666667 0.7019704433497537 0.034444444444444444 0.041050903119868636
0 0.14055555555555554 0.3702791461412151 0.03666666666666667 0.041050903119868636
0 0.7044444444444444 0.4548440065681445 0.03333333333333333 0.03940886699507389
0 0.29388888888888887 0.8251231527093597 0.034444444444444444 0.041050903119868636
0 0.24388888888888888 0.4121510673234811 0.03 0.03940886699507389
0 0.7566666666666667 0.3735632183908046 0.03333333333333333 0.041050903119868636
0 0.6022222222222222 0.5804597701149425 0.03333333333333333 0.041050903119868636
0 0.34555555555555556 0.8661740558292282 0.03333333333333333 0.04433497536945813
0 0.295 0.6182266009852216 0.034444444444444444 0.041050903119868636
0 0.7055555555555556 0.6633825944170771 0.03333333333333333 0.042692939244663386