0 0.8706666666666667 0.3868954758190328 0.034666666666666665 0.0343213728549142
0 0.8553333333333333 0.8923556942277691 0.028 0.0343213728549142
0 0.814 0.7457098283931357 0.03333333333333333 0.0343213728549142
0 0.8026666666666666 0.31357254290171604 0.02666666666666667 0.0343213728549142
0 0.5026666666666667 0.1981279251170047 0.02666666666666667 0.0249609984399376
0 0.76 0.7106084243369735 0.032 0.0327613104524181
0 0.76 0.42121684867394693 0.032 0.0343213728549142
0 0.706 0.7449297971918877 0.030666666666666665 0.0327613104524181
0 0.7053333333333334 0.7106084243369735 0.032 0.0327613104524181
0 0.8806666666666667 0.891575663026521 0.028 0.0358814352574103
0 0.868 0.7441497659906396 0.034666666666666665 0.031201248049921998
0 0.502 0.22542901716068642 0.030666666666666665 0.029641185647425898
0 0.8286666666666667 0.31513260530421217 0.025333333333333333 0.0374414976599064
0 0.7193333333333334 0.5655226209048362 0.025333333333333333 0.029641185647425898
0 0.768 0.890015600624025 0.029333333333333333 0.029641185647425898
0 0.7153333333333334 0.890015600624025 0.028 0.029641185647425898
0 0.7713333333333333 0.5655226209048362 0.028 0.029641185647425898
0 0.5013333333333333 0.26443057722308894 0.032 0.029641185647425898
0 0.8706666666666667 0.42277691107644305 0.037333333333333336 0.0249609984399376
0 0.5006666666666667 0.44617784711388453 0.02266666666666667 0.0343213728549142
0 0.502 0.4095163806552262 0.028 0.0405616224648986
0 0.502 0.2948517940717629 0.030666666666666665 0.031201248049921998
0 0.502 0.36817472698907955 0.028 0.0374414976599064
0 0.706 0.4921996879875195 0.03333333333333333 0.0390015600624025
0 0.814 0.6755070202808112 0.03333333333333333 0.0343213728549142
0 0.8146666666666667 0.6357254290171607 0.034666666666666665 0.0421216848673947
0 0.87 0.49375975039001563 0.036 0.0421216848673947
0 0.8126666666666666 0.8564742589703588 0.03333333333333333 0.0405616224648986
0 0.706 0.3494539781591264 0.03333333333333333 0.0343213728549142
0 0.7606666666666667 0.31435257410296413 0.03333333333333333 0.0390015600624025
0 0.87 0.31513260530421217 0.036 0.0405616224648986
0 0.706 0.312792511700468 0.03333333333333333 0.0390015600624025
0 0.8673333333333333 0.6739469578783152 0.03333333333333333 0.0343213728549142
0 0.7593333333333333 0.6747269890795632 0.03333333333333333 0.0358814352574103
0 0.706 0.6357254290171607 0.03333333333333333 0.0390015600624025
0 0.706 0.531201248049922 0.036 0.0358814352574103
0 0.7046666666666667 0.6739469578783152 0.03333333333333333 0.0343213728549142
0 0.7613333333333333 0.6349453978159126 0.034666666666666665 0.0405616224648986
0 0.7586666666666667 0.8533541341653667 0.034666666666666665 0.0374414976599064
0 0.812 0.8166926677067082 0.034666666666666665 0.0358814352574103
0 0.76 0.35179407176287053 0.032 0.0327613104524181
0 0.87 0.5327613104524181 0.036 0.0327613104524181
0 0.814 0.7098283931357254 0.03333333333333333 0.031201248049921998
0 0.87 0.3533541341653666 0.03333333333333333 0.0327613104524181
0 0.868 0.8541341653666147 0.037333333333333336 0.0358814352574103
0 0.76 0.7457098283931357 0.034666666666666665 0.0343213728549142
0 0.868 0.6349453978159126 0.034666666666666665 0.0405616224648986
0 0.7046666666666667 0.8159126365054602 0.036 0.0405616224648986
0 0.7053333333333334 0.8541341653666147 0.034666666666666665 0.0327613104524181
0 0.76 0.38533541341653665 0.032 0.031201248049921998
0 0.7606666666666667 0.5280811232449298 0.036 0.0358814352574103
0 0.706 0.3845553822152886 0.03333333333333333 0.0327613104524181
0 0.868 0.7098283931357254 0.034666666666666665 0.0343213728549142
0 0.762 0.4921996879875195 0.030666666666666665 0.0327613104524181
0 0.758 0.8174726989079563 0.03333333333333333 0.0343213728549142
0 0.7066666666666667 0.421996879875195 0.034666666666666665 0.0358814352574103
0 0.868 0.8159126365054602 0.034666666666666665 0.0374414976599064