0 0.45111111111111113 0.41133004926108374 0.03333333333333333 0.041050903119868636
0 0.5522222222222222 0.4540229885057471 0.03333333333333333 0.041050903119868636
0 0.6555555555555556 0.49589490968801314 0.03333333333333333 0.042692939244663386
0 0.7066666666666667 0.7430213464696224 0.03111111111111111 0.041050903119868636
0 0.6561111111111111 0.7848932676518884 0.03222222222222222 0.03940886699507389
0 0.2427777777777778 0.28407224958949095 0.034444444444444444 0.04597701149425287
0 0.5533333333333333 0.6617405582922824 0.03333333333333333 0.042692939244663386
0 0.3988888888888889 0.7446633825944171 0.03333333333333333 0.041050903119868636
0 0.86 0.3275862068965517 0.03333333333333333 0.041050903119868636
0 0.7577777777777778 0.49261083743842365 0.03111111111111111 0.03940886699507389
0 0.295 0.45566502463054187 0.034444444444444444 0.04433497536945813
0 0.705 0.3284072249589491 0.03222222222222222 0.03940886699507389
0 0.81 0.535303776683087 0.03111111111111111 0.03940886699507389
0 0.5027777777777778 0.37520525451559933 0.043333333333333335 0.034482758620689655
0 0.5033333333333333 0.3440065681444992 0.042222222222222223 0.027914614121510674
0 0.6555555555555556 0.867816091954023 0.03333333333333333 0.04433497536945813
0 0.9144444444444444 0.8234811165845649 0.035555555555555556 0.04433497536945813
0 0.5533333333333333 0.867816091954023 0.03333333333333333 0.04433497536945813
0 0.3983333333333333 0.32676518883415434 0.03222222222222222 0.03940886699507389
0 0.7044444444444444 0.36863711001642036 0.03333333333333333 0.041050903119868636
0 0.5522222222222222 0.2824302134646962 0.03333333333333333 0.042692939244663386
0 0.5544444444444444 0.8267651888341544 0.03333333333333333 0.041050903119868636
0 0.6038888888888889 0.5369458128078818 0.03222222222222222 0.0361247947454844
0 0.29444444444444445 0.37192118226600984 0.03333333333333333 0.04433497536945813
0 0.45055555555555554 0.5369458128078818 0.03222222222222222 0.042692939244663386
0 0.24222222222222223 0.7019704433497537 0.035555555555555556 0.041050903119868636
0 0.605 0.8694581280788177 0.034444444444444444 0.041050903119868636
0 0.7605555555555555 0.9105090311986864 0.034444444444444444 0.04433497536945813
0 0.7066666666666667 0.5361247947454844 0.03333333333333333 0.041050903119868636
0 0.2427777777777778 0.5796387520525451 0.034444444444444444 0.03940886699507389
0 0.7038888888888889 0.24220032840722497 0.03222222222222222 0.041050903119868636
0 0.3983333333333333 0.1510673234811166 0.034444444444444444 0.04926108374384237
0 0.19055555555555556 0.7873563218390804 0.034444444444444444 0.04433497536945813
0 0.7588888888888888 0.784072249589491 0.03333333333333333 0.04433497536945813
0 0.29444444444444445 0.1535303776683087 0.03333333333333333 0.047619047619047616
0 0.29444444444444445 0.4129720853858785 0.03333333333333333 0.03776683087027915
0 0.13944444444444445 0.535303776683087 0.034444444444444444 0.042692939244663386
0 0.295 0.5402298850574713 0.03222222222222222 0.042692939244663386
0 0.2427777777777778 0.4967159277504105 0.034444444444444444 0.03776683087027915
0 0.6033333333333334 0.33004926108374383 0.03111111111111111 0.03940886699507389
0 0.19111111111111112 0.8300492610837439 0.03333333333333333 0.041050903119868636
0 0.5016666666666667 0.44745484400656815 0.03888888888888889 0.041050903119868636
0 0.86 0.4088669950738916 0.03333333333333333 0.042692939244663386
0 0.29388888888888887 0.7454844006568144 0.034444444444444444 0.042692939244663386
0 0.6044444444444445 0.7011494252873564 0.03333333333333333 0.04597701149425287
0 0.9133333333333333 0.7011494252873564 0.035555555555555556 0.042692939244663386
0 0.19055555555555556 0.6198686371100164 0.03222222222222222 0.041050903119868636
0 0.81 0.8251231527093597 0.03333333333333333 0.041050903119868636
0 0.6044444444444445 0.7422003284072249 0.03333333333333333 0.0361247947454844
0 0.7077777777777777 0.9105090311986864 0.03333333333333333 0.04433497536945813
0 0.8072222222222222 0.15435139573070608 0.03222222222222222 0.04597701149425287
0 0.19111111111111112 0.7044334975369458 0.03111111111111111 0.03940886699507389
0 0.295 0.2438423645320197 0.03222222222222222 0.041050903119868636
0 0.08611111111111111 0.28735632183908044 0.034444444444444444 0.04926108374384237
0 0.29388888888888887 0.3284072249589491 0.034444444444444444 0.03940886699507389
0 0.29444444444444445 0.2881773399014778 0.03333333333333333 0.041050903119868636
0 0.29388888888888887 0.20114942528735633 0.034444444444444444 0.04433497536945813
0 0.13833333333333334 0.7865353037766831 0.034444444444444444 0.042692939244663386
0 0.5538888888888889 0.9137931034482759 0.034444444444444444 0.04433497536945813
0 0.81 0.6157635467980296 0.03111111111111111 0.03940886699507389
0 0.2427777777777778 0.7865353037766831 0.034444444444444444 0.03940886699507389
0 0.5544444444444444 0.7857142857142857 0.035555555555555556 0.041050903119868636
0 0.7055555555555556 0.45320197044334976 0.03111111111111111 0.03940886699507389
0 0.6027777777777777 0.4967159277504105 0.034444444444444444 0.04433497536945813
0 0.1388888888888889 0.6198686371100164 0.035555555555555556 0.041050903119868636
0 0.19 0.4975369458128079 0.035555555555555556 0.03940886699507389
0 0.76 0.8284072249589491 0.03111111111111111 0.03776683087027915
0 0.19055555555555556 0.2857142857142857 0.034444444444444444 0.04926108374384237
0 0.81 0.784072249589491 0.03333333333333333 0.041050903119868636
0 0.8077777777777778 0.36863711001642036 0.03111111111111111 0.03776683087027915
0 0.8088888888888889 0.451559934318555 0.03111111111111111 0.042692939244663386
0 0.29444444444444445 0.6215106732348111 0.03333333333333333 0.041050903119868636
0 0.9127777777777778 0.5328407224958949 0.034444444444444444 0.041050903119868636
0 0.8094444444444444 0.7430213464696224 0.03222222222222222 0.041050903119868636
0 0.8594444444444445 0.367816091954023 0.03222222222222222 0.03940886699507389
0 0.6038888888888889 0.6617405582922824 0.03222222222222222 0.0361247947454844
0 0.13833333333333334 0.7446633825944171 0.03222222222222222 0.041050903119868636
0 0.9116666666666666 0.3694581280788177 0.034444444444444444 0.042692939244663386
0 0.5027777777777778 0.30952380952380953 0.04111111111111111 0.041050903119868636
0 0.24222222222222223 0.9137931034482759 0.03777777777777778 0.047619047619047616
0 0.45 0.32922824302134646 0.03111111111111111 0.034482758620689655
0 0.295 0.5812807881773399 0.034444444444444444 0.03940886699507389
0 0.9127777777777778 0.6157635467980296 0.03666666666666667 0.042692939244663386
0 0.3988888888888889 0.7044334975369458 0.03333333333333333 0.042692939244663386
0 0.8077777777777778 0.24302134646962234 0.03111111111111111 0.03940886699507389
0 0.9116666666666666 0.4121510673234811 0.034444444444444444 0.03940886699507389
0 0.13944444444444445 0.8284072249589491 0.03666666666666667 0.041050903119868636
0 0.8111111111111111 0.909688013136289 0.03333333333333333 0.042692939244663386
0 0.8077777777777778 0.2848932676518883 0.03111111111111111 0.041050903119868636
0 0.86 0.5336617405582923 0.03111111111111111 0.03940886699507389
0 0.9133333333333333 0.6584564860426929 0.035555555555555556 0.042692939244663386
0 0.3988888888888889 0.6190476190476191 0.03333333333333333 0.03940886699507389
0 0.7594444444444445 0.8686371100164204 0.034444444444444444 0.03940886699507389
0 0.1388888888888889 0.9137931034482759 0.035555555555555556 0.047619047619047616
0 0.8605555555555555 0.7011494252873564 0.034444444444444444 0.042692939244663386
0 0.24222222222222223 0.8275862068965517 0.03333333333333333 0.042692939244663386
0 0.9138888888888889 0.9080459770114943 0.03666666666666667 0.04597701149425287
0 0.3977777777777778 0.8267651888341544 0.03333333333333333 0.041050903119868636
0 0.13777777777777778 0.2857142857142857 0.03333333333333333 0.04597701149425287
0 0.1388888888888889 0.45566502463054187 0.03333333333333333 0.04433497536945813
0 0.9127777777777778 0.5738916256157636 0.034444444444444444 0.041050903119868636
0 0.3983333333333333 0.4975369458128079 0.034444444444444444 0.03940886699507389
0 0.7577777777777778 0.5328407224958949 0.03111111111111111 0.041050903119868636
0 0.19055555555555556 0.9129720853858785 0.034444444444444444 0.042692939244663386
0 0.1388888888888889 0.37192118226600984 0.035555555555555556 0.04433497536945813
0 0.9111111111111111 0.2824302134646962 0.03333333333333333 0.042692939244663386
0 0.1388888888888889 0.7036124794745484 0.03333333333333333 0.041050903119868636
0 0.9133333333333333 0.7807881773399015 0.03333333333333333 0.041050903119868636
0 0.3983333333333333 0.7848932676518884 0.034444444444444444 0.042692939244663386
0 0.7038888888888889 0.20032840722495895 0.034444444444444444 0.042692939244663386
0 0.3472222222222222 0.45320197044334976 0.034444444444444444 0.03940886699507389
0 0.13944444444444445 0.4129720853858785 0.034444444444444444 0.041050903119868636
0 0.6038888888888889 0.9113300492610837 0.034444444444444444 0.04597701149425287
0 0.295 0.4967159277504105 0.034444444444444444 0.041050903119868636
0 0.13944444444444445 0.4967159277504105 0.034444444444444444 0.03776683087027915
0 0.13833333333333334 0.3284072249589491 0.034444444444444444 0.03940886699507389
0 0.9138888888888889 0.8653530377668309 0.034444444444444444 0.03940886699507389
0 0.08611111111111111 0.3308702791461412 0.03666666666666667 0.03776683087027915
0 0.6572222222222223 0.9105090311986864 0.03222222222222222 0.041050903119868636
0 0.29444444444444445 0.7036124794745484 0.03333333333333333 0.041050903119868636
0 0.29444444444444445 0.8275862068965517 0.03333333333333333 0.03940886699507389
0 0.08611111111111111 0.37110016420361247 0.034444444444444444 0.042692939244663386
0 0.5011111111111111 0.24220032840722497 0.042222222222222223 0.03776683087027915
0 0.19111111111111112 0.3694581280788177 0.03111111111111111 0.042692939244663386
0 0.1388888888888889 0.5779967159277504 0.035555555555555556 0.042692939244663386
0 0.86 0.451559934318555 0.03333333333333333 0.042692939244663386
0 0.3466666666666667 0.3284072249589491 0.03111111111111111 0.0361247947454844
0 0.7044444444444444 0.1535303776683087 0.03333333333333333 0.04433497536945813
0 0.8088888888888889 0.49507389162561577 0.03333333333333333 0.041050903119868636
0 0.8111111111111111 0.8661740558292282 0.03333333333333333 0.041050903119868636
0 0.2427777777777778 0.4573070607553366 0.034444444444444444 0.041050903119868636
0 0.8605555555555555 0.5755336617405583 0.03222222222222222 0.041050903119868636
0 0.7583333333333333 0.2848932676518883 0.03222222222222222 0.04433497536945813
0 0.19111111111111112 0.7446633825944171 0.03333333333333333 0.041050903119868636
0 0.3472222222222222 0.41133004926108374 0.03222222222222222 0.041050903119868636
0 0.6038888888888889 0.5788177339901478 0.034444444444444444 0.04433497536945813
0 0.6038888888888889 0.2857142857142857 0.03222222222222222 0.04597701149425287
0 0.3466666666666667 0.2857142857142857 0.03333333333333333 0.04597701149425287
0 0.7594444444444445 0.5755336617405583 0.03222222222222222 0.041050903119868636
0 0.6027777777777777 0.3694581280788177 0.03222222222222222 0.042692939244663386
0 0.5527777777777778 0.5779967159277504 0.034444444444444444 0.042692939244663386
0 0.7577777777777778 0.36863711001642036 0.03333333333333333 0.04433497536945813
0 0.3983333333333333 0.4548440065681445 0.034444444444444444 0.04597701149425287
0 0.45055555555555554 0.28735632183908044 0.034444444444444444 0.04926108374384237
0 0.5516666666666666 0.3702791461412151 0.034444444444444444 0.041050903119868636
0 0.6538888888888889 0.32922824302134646 0.03222222222222222 0.041050903119868636
0 0.7594444444444445 0.6592775041050903 0.03222222222222222 0.041050903119868636
0 0.7072222222222222 0.8661740558292282 0.034444444444444444 0.04433497536945813
0 0.6033333333333334 0.4548440065681445 0.03333333333333333 0.03940886699507389
0 0.5527777777777778 0.41133004926108374 0.03222222222222222 0.041050903119868636
0 0.5522222222222222 0.4967159277504105 0.03333333333333333 0.041050903119868636
0 0.3466666666666667 0.3694581280788177 0.03333333333333333 0.042692939244663386
0 0.6555555555555556 0.5788177339901478 0.03333333333333333 0.041050903119868636
0 0.45 0.36863711001642036 0.03333333333333333 0.04433497536945813
0 0.5522222222222222 0.32676518883415434 0.03333333333333333 0.042692939244663386
0 0.29444444444444445 0.8694581280788177 0.035555555555555556 0.04433497536945813
0 0.19 0.3275862068965517 0.035555555555555556 0.027914614121510674
0 0.5011111111111111 0.48440065681444994 0.03777777777777778 0.029556650246305417
0 0.5144444444444445 0.7487684729064039 0.022222222222222223 0.026272577996715927
0 0.3972222222222222 0.867816091954023 0.03222222222222222 0.041050903119868636
0 0.5016666666666667 0.14203612479474548 0.043333333333333335 0.034482758620689655
0 0.5016666666666667 0.27586206896551724 0.043333333333333335 0.03284072249589491
0 0.9133333333333333 0.7422003284072249 0.035555555555555556 0.03284072249589491
0 0.5011111111111111 0.20853858784893267 0.044444444444444446 0.029556650246305417
0 0.8077777777777778 0.19950738916256158 0.03111111111111111 0.04433497536945813
0 0.39666666666666667 0.9105090311986864 0.035555555555555556 0.04433497536945813
0 0.3983333333333333 0.19950738916256158 0.034444444444444444 0.041050903119868636
0 0.5533333333333333 0.7027914614121511 0.03333333333333333 0.03940886699507389
0 0.5011111111111111 0.17651888341543515 0.042222222222222223 0.03776683087027915
0 0.9111111111111111 0.45073891625615764 0.03333333333333333 0.03776683087027915
0 0.9116666666666666 0.49261083743842365 0.034444444444444444 0.03940886699507389
0 0.19111111111111112 0.8702791461412152 0.03333333333333333 0.03940886699507389
0 0.29388888888888887 0.7865353037766831 0.03222222222222222 0.03940886699507389
0 0.29444444444444445 0.9154351395730707 0.035555555555555556 0.04433497536945813
0 0.24222222222222223 0.8686371100164204 0.035555555555555556 0.03940886699507389
0 0.13944444444444445 0.8694581280788177 0.034444444444444444 0.041050903119868636
0 0.5538888888888889 0.7438423645320197 0.03666666666666667 0.042692939244663386
0 0.8077777777777778 0.3275862068965517 0.03111111111111111 0.04433497536945813
0 0.8077777777777778 0.409688013136289 0.03333333333333333 0.041050903119868636
0 0.29388888888888887 0.6625615763546798 0.034444444444444444 0.041050903119868636
0 0.8605555555555555 0.6600985221674877 0.034444444444444444 0.03940886699507389
0 0.7066666666666667 0.6584564860426929 0.03111111111111111 0.03940886699507389
0 0.24333333333333335 0.5377668308702791 0.03333333333333333 0.04433497536945813
0 0.7066666666666667 0.8234811165845649 0.03333333333333333 0.041050903119868636
0 0.7066666666666667 0.6174055829228243 0.03333333333333333 0.03940886699507389
0 0.4494444444444444 0.4523809523809524 0.03222222222222222 0.03776683087027915
0 0.7588888888888888 0.7011494252873564 0.03111111111111111 0.042692939244663386
0 0.19055555555555556 0.4129720853858785 0.03666666666666667 0.04433497536945813
0 0.5527777777777778 0.5377668308702791 0.03222222222222222 0.041050903119868636
0 0.9116666666666666 0.32676518883415434 0.034444444444444444 0.042692939244663386
0 0.6561111111111111 0.7019704433497537 0.034444444444444444 0.04433497536945813
0 0.6561111111111111 0.7454844006568144 0.03222222222222222 0.03940886699507389
0 0.7038888888888889 0.28653530377668307 0.03222222222222222 0.041050903119868636
0 0.19055555555555556 0.45648604269293924 0.03666666666666667 0.042692939244663386
0 0.3983333333333333 0.4121510673234811 0.034444444444444444 0.03940886699507389
0 0.7072222222222222 0.7011494252873564 0.034444444444444444 0.042692939244663386
0 0.8094444444444444 0.5755336617405583 0.03222222222222222 0.041050903119868636
0 0.13833333333333334 0.6625615763546798 0.034444444444444444 0.041050903119868636
0 0.8594444444444445 0.2848932676518883 0.034444444444444444 0.04433497536945813
0 0.3988888888888889 0.28735632183908044 0.03333333333333333 0.0361247947454844
0 0.6544444444444445 0.41379310344827586 0.03333333333333333 0.03940886699507389
0 0.7061111111111111 0.5779967159277504 0.034444444444444444 0.042692939244663386
0 0.39944444444444444 0.5796387520525451 0.034444444444444444 0.03940886699507389
0 0.24222222222222223 0.3275862068965517 0.03333333333333333 0.041050903119868636
0 0.4494444444444444 0.4942528735632184 0.03 0.042692939244663386
0 0.19055555555555556 0.5788177339901478 0.03222222222222222 0.041050903119868636
0 0.6555555555555556 0.6600985221674877 0.03333333333333333 0.03940886699507389
0 0.8094444444444444 0.7019704433497537 0.03222222222222222 0.04433497536945813
0 0.705 0.41133004926108374 0.034444444444444444 0.04433497536945813
0 0.19111111111111112 0.5377668308702791 0.03333333333333333 0.041050903119868636
0 0.7577777777777778 0.409688013136289 0.03333333333333333 0.041050903119868636
0 0.705 0.4942528735632184 0.03222222222222222 0.042692939244663386
0 0.8605555555555555 0.493431855500821 0.034444444444444444 0.041050903119868636
0 0.655 0.4540229885057471 0.03222222222222222 0.041050903119868636
0 0.7577777777777778 0.451559934318555 0.03333333333333333 0.042692939244663386
0 0.6555555555555556 0.6190476190476191 0.03333333333333333 0.03940886699507389
0 0.45 0.5796387520525451 0.03333333333333333 0.042692939244663386
0 0.39944444444444444 0.5402298850574713 0.034444444444444444 0.042692939244663386
0 0.3988888888888889 0.6609195402298851 0.035555555555555556 0.04433497536945813
0 0.7577777777777778 0.32676518883415434 0.03333333333333333 0.03940886699507389
0 0.19055555555555556 0.6642036124794746 0.034444444444444444 0.04433497536945813
0 0.86 0.6190476190476191 0.03333333333333333 0.042692939244663386
0 0.24222222222222223 0.41461412151067323 0.035555555555555556 0.04433497536945813
0 0.3977777777777778 0.24466338259441708 0.035555555555555556 0.04926108374384237
0 0.5527777777777778 0.6190476190476191 0.034444444444444444 0.03940886699507389
0 0.7583333333333333 0.7422003284072249 0.03222222222222222 0.03940886699507389
0 0.2427777777777778 0.6609195402298851 0.034444444444444444 0.041050903119868636
0 0.6027777777777777 0.4129720853858785 0.03222222222222222 0.041050903119868636
0 0.6561111111111111 0.8251231527093597 0.03222222222222222 0.041050903119868636
0 0.24222222222222223 0.7454844006568144 0.035555555555555556 0.042692939244663386
0 0.605 0.7832512315270936 0.034444444444444444 0.042692939244663386
0 0.24166666666666667 0.3694581280788177 0.03666666666666667 0.042692939244663386
0 0.2427777777777778 0.6198686371100164 0.034444444444444444 0.041050903119868636
0 0.6538888888888889 0.2848932676518883 0.034444444444444444 0.047619047619047616
0 0.7072222222222222 0.784072249589491 0.034444444444444444 0.041050903119868636
0 0.6055555555555555 0.8267651888341544 0.035555555555555556 0.04433497536945813
0 0.655 0.5377668308702791 0.03222222222222222 0.041050903119868636
0 0.6044444444444445 0.6215106732348111 0.03333333333333333 0.04433497536945813
0 0.7588888888888888 0.6165845648604269 0.03333333333333333 0.041050903119868636
0 0.6544444444444445 0.37192118226600984 0.03333333333333333 0.04433497536945813
0 0.3983333333333333 0.3694581280788177 0.034444444444444444 0.04597701149425287
0 0.8088888888888889 0.6592775041050903 0.03333333333333333 0.041050903119868636