0 0.4988888888888889 0.48357963875205257 0.04 0.031198686371100164
0 0.91 0.19704433497536947 0.035555555555555556 0.04597701149425287
0 0.5372222222222223 0.28653530377668307 0.01888888888888889 0.027914614121510674
0 0.49944444444444447 0.17651888341543515 0.04555555555555556 0.03776683087027915
0 0.49944444444444447 0.20935960591133004 0.04777777777777778 0.027914614121510674
0 0.5883333333333334 0.6165845648604269 0.023333333333333334 0.031198686371100164
0 0.39666666666666667 0.7011494252873564 0.03333333333333333 0.0361247947454844
0 0.9111111111111111 0.5788177339901478 0.035555555555555556 0.03776683087027915
0 0.08555555555555555 0.6609195402298851 0.03777777777777778 0.04433497536945813
0 0.6138888888888889 0.36863711001642036 0.021111111111111112 0.031198686371100164
0 0.5 0.27504105090311987 0.044444444444444446 0.031198686371100164
0 0.5888888888888889 0.7824302134646962 0.024444444444444446 0.034482758620689655
0 0.5 0.14203612479474548 0.04666666666666667 0.03776683087027915
0 0.59 0.8243021346469622 0.022222222222222223 0.0361247947454844
0 0.5 0.2413793103448276 0.044444444444444446 0.03940886699507389
0 0.24055555555555555 0.32594417077175697 0.034444444444444444 0.04433497536945813
0 0.7044444444444444 0.4129720853858785 0.035555555555555556 0.04433497536945813
0 0.7566666666666667 0.4540229885057471 0.035555555555555556 0.047619047619047616
0 0.6522222222222223 0.3284072249589491 0.03333333333333333 0.03940886699507389
0 0.3972222222222222 0.28407224958949095 0.034444444444444444 0.04597701149425287
0 0.6522222222222223 0.3702791461412151 0.03333333333333333 0.041050903119868636
0 0.18944444444444444 0.4121510673234811 0.03666666666666667 0.042692939244663386
0 0.7572222222222222 0.784072249589491 0.03666666666666667 0.047619047619047616
0 0.3972222222222222 0.6592775041050903 0.034444444444444444 0.04433497536945813
0 0.39666666666666667 0.3669950738916256 0.03333333333333333 0.03776683087027915
0 0.5894444444444444 0.5747126436781609 0.023333333333333334 0.03284072249589491
0 0.08555555555555555 0.6182266009852216 0.03777777777777778 0.041050903119868636
0 0.08611111111111111 0.7044334975369458 0.03666666666666667 0.042692939244663386
0 0.6133333333333333 0.451559934318555 0.022222222222222223 0.0361247947454844
0 0.08555555555555555 0.7848932676518884 0.035555555555555556 0.03940886699507389
0 0.29333333333333333 0.7011494252873564 0.03333333333333333 0.03940886699507389
0 0.7038888888888889 0.7036124794745484 0.034444444444444444 0.041050903119868636
0 0.5888888888888889 0.409688013136289 0.022222222222222223 0.031198686371100164
0 0.6144444444444445 0.409688013136289 0.022222222222222223 0.031198686371100164
0 0.5894444444444444 0.909688013136289 0.025555555555555557 0.03940886699507389
0 0.6144444444444445 0.3284072249589491 0.022222222222222223 0.03284072249589491
0 0.59 0.8637110016420362 0.024444444444444446 0.0361247947454844
0 0.08555555555555555 0.5361247947454844 0.035555555555555556 0.041050903119868636
0 0.08666666666666667 0.8686371100164204 0.03777777777777778 0.04597701149425287
0 0.9094444444444445 0.33004926108374383 0.034444444444444444 0.03940886699507389
0 0.3972222222222222 0.7422003284072249 0.034444444444444444 0.04597701149425287
0 0.5888888888888889 0.7413793103448276 0.024444444444444446 0.03776683087027915
0 0.08555555555555555 0.7454844006568144 0.03777777777777778 0.042692939244663386
0 0.08666666666666667 0.9137931034482759 0.035555555555555556 0.04433497536945813
0 0.8066666666666666 0.20114942528735633 0.03333333333333333 0.041050903119868636
0 0.5883333333333334 0.6995073891625616 0.025555555555555557 0.03940886699507389
0 0.5888888888888889 0.4523809523809524 0.022222222222222223 0.03776683087027915
0 0.6144444444444445 0.5369458128078818 0.022222222222222223 0.03940886699507389
0 0.08611111111111111 0.577175697865353 0.03666666666666667 0.041050903119868636
0 0.9094444444444445 0.41133004926108374 0.034444444444444444 0.03776683087027915
0 0.08611111111111111 0.28653530377668307 0.03666666666666667 0.041050903119868636
0 0.5011111111111111 0.30952380952380953 0.042222222222222223 0.041050903119868636
0 0.7561111111111111 0.7413793103448276 0.034444444444444444 0.03776683087027915
0 0.91 0.24220032840722497 0.035555555555555556 0.041050903119868636
0 0.4483333333333333 0.367816091954023 0.034444444444444444 0.03940886699507389
0 0.8072222222222222 0.15517241379310345 0.034444444444444444 0.047619047619047616
0 0.8572222222222222 0.28735632183908044 0.034444444444444444 0.03940886699507389
0 0.6144444444444445 0.49261083743842365 0.02 0.029556650246305417
0 0.5888888888888889 0.6584564860426929 0.024444444444444446 0.0361247947454844
0 0.5883333333333334 0.32922824302134646 0.023333333333333334 0.034482758620689655
0 0.5638888888888889 0.28653530377668307 0.021111111111111112 0.03776683087027915
0 0.9111111111111111 0.5369458128078818 0.035555555555555556 0.03940886699507389
0 0.08611111111111111 0.3275862068965517 0.034444444444444444 0.041050903119868636
0 0.8572222222222222 0.24220032840722497 0.034444444444444444 0.047619047619047616
0 0.6022222222222222 0.2857142857142857 0.03333333333333333 0.042692939244663386
0 0.8072222222222222 0.28653530377668307 0.034444444444444444 0.041050903119868636
0 0.5888888888888889 0.3694581280788177 0.024444444444444446 0.03284072249589491
0 0.08666666666666667 0.8251231527093597 0.035555555555555556 0.041050903119868636
0 0.7044444444444444 0.7413793103448276 0.03333333333333333 0.03776683087027915
0 0.7038888888888889 0.7848932676518884 0.034444444444444444 0.04597701149425287
0 0.5 0.4458128078817734 0.042222222222222223 0.04433497536945813
0 0.34555555555555556 0.3669950738916256 0.03333333333333333 0.041050903119868636
0 0.34444444444444444 0.7413793103448276 0.03333333333333333 0.03776683087027915
0 0.9088888888888889 0.2848932676518883 0.035555555555555556 0.04433497536945813
0 0.55 0.7019704433497537 0.03333333333333333 0.041050903119868636
0 0.5883333333333334 0.4942528735632184 0.021111111111111112 0.0361247947454844
0 0.4483333333333333 0.6576354679802956 0.034444444444444444 0.041050903119868636
0 0.29388888888888887 0.3694581280788177 0.034444444444444444 0.03940886699507389
0 0.08611111111111111 0.24302134646962234 0.03666666666666667 0.042692939244663386
0 0.9111111111111111 0.4523809523809524 0.035555555555555556 0.04433497536945813
0 0.08722222222222223 0.49507389162561577 0.034444444444444444 0.041050903119868636
0 0.345 0.7832512315270936 0.03666666666666667 0.04597701149425287
0 0.9094444444444445 0.3702791461412151 0.034444444444444444 0.04433497536945813
0 0.08611111111111111 0.1986863711001642 0.03666666666666667 0.042692939244663386
0 0.2411111111111111 0.36863711001642036 0.03333333333333333 0.041050903119868636
0 0.6016666666666667 0.15599343185550082 0.03222222222222222 0.04597701149425287
0 0.13833333333333334 0.41050903119868637 0.034444444444444444 0.03940886699507389
0 0.08666666666666667 0.3694581280788177 0.035555555555555556 0.04597701149425287
0 0.08666666666666667 0.4540229885057471 0.035555555555555556 0.041050903119868636
0 0.8572222222222222 0.32922824302134646 0.034444444444444444 0.041050903119868636
0 0.29333333333333333 0.6149425287356322 0.03333333333333333 0.047619047619047616
0 0.7033333333333334 0.3284072249589491 0.03111111111111111 0.03940886699507389
0 0.9105555555555556 0.49589490968801314 0.034444444444444444 0.042692939244663386
0 0.29333333333333333 0.7413793103448276 0.03333333333333333 0.041050903119868636
0 0.08611111111111111 0.4129720853858785 0.03666666666666667 0.041050903119868636
0 0.24 0.2832512315270936 0.03333333333333333 0.04433497536945813
0 0.7033333333333334 0.36863711001642036 0.03333333333333333 0.041050903119868636
0 0.08722222222222223 0.1535303776683087 0.03666666666666667 0.04433497536945813
0 0.5505555555555556 0.7832512315270936 0.034444444444444444 0.03940886699507389
0 0.29333333333333333 0.32922824302134646 0.035555555555555556 0.041050903119868636
0 0.8066666666666666 0.24220032840722497 0.035555555555555556 0.04433497536945813
0 0.5883333333333334 0.5369458128078818 0.023333333333333334 0.0361247947454844
0 0.13777777777777778 0.32922824302134646 0.03333333333333333 0.041050903119868636
0 0.6011111111111112 0.20114942528735633 0.03333333333333333 0.041050903119868636
0 0.7555555555555555 0.7019704433497537 0.035555555555555556 0.041050903119868636
0 0.5505555555555556 0.7430213464696224 0.034444444444444444 0.041050903119868636
0 0.5494444444444444 0.8267651888341544 0.034444444444444444 0.047619047619047616
0 0.29388888888888887 0.6600985221674877 0.034444444444444444 0.042692939244663386
0 0.4483333333333333 0.6995073891625616 0.034444444444444444 0.042692939244663386
0 0.18944444444444444 0.33004926108374383 0.034444444444444444 0.03940886699507389
0 0.24055555555555555 0.4121510673234811 0.034444444444444444 0.04597701149425287
0 0.18944444444444444 0.19950738916256158 0.034444444444444444 0.041050903119868636
0 0.91 0.1510673234811166 0.03777777777777778 0.04597701149425287
0 0.13833333333333334 0.4540229885057471 0.03666666666666667 0.047619047619047616
0 0.13833333333333334 0.3702791461412151 0.034444444444444444 0.041050903119868636
0 0.7038888888888889 0.6133004926108374 0.034444444444444444 0.047619047619047616
0 0.345 0.41133004926108374 0.03222222222222222 0.047619047619047616
0 0.34444444444444444 0.3251231527093596 0.035555555555555556 0.042692939244663386
0 0.18944444444444444 0.4540229885057471 0.034444444444444444 0.041050903119868636
0 0.6016666666666667 0.2438423645320197 0.034444444444444444 0.04433497536945813
0 0.19 0.15270935960591134 0.035555555555555556 0.04926108374384237
0 0.7555555555555555 0.4088669950738916 0.03333333333333333 0.03940886699507389
0 0.18944444444444444 0.24302134646962234 0.034444444444444444 0.04597701149425287
0 0.7561111111111111 0.6592775041050903 0.034444444444444444 0.04433497536945813
0 0.6527777777777778 0.41133004926108374 0.03222222222222222 0.03776683087027915
0 0.39555555555555555 0.6133004926108374 0.035555555555555556 0.047619047619047616
0 0.13777777777777778 0.28407224958949095 0.035555555555555556 0.04926108374384237
0 0.2922222222222222 0.41050903119868637 0.03333333333333333 0.042692939244663386
0 0.8572222222222222 0.37110016420361247 0.034444444444444444 0.04597701149425287
0 0.39611111111111114 0.409688013136289 0.034444444444444444 0.047619047619047616
0 0.7544444444444445 0.3702791461412151 0.035555555555555556 0.041050903119868636
0 0.7555555555555555 0.32922824302134646 0.035555555555555556 0.041050903119868636
0 0.34444444444444444 0.6592775041050903 0.03333333333333333 0.041050903119868636
0 0.34444444444444444 0.28160919540229884 0.035555555555555556 0.047619047619047616
0 0.18888888888888888 0.3702791461412151 0.035555555555555556 0.041050903119868636
0 0.55 0.6141215106732348 0.03333333333333333 0.04597701149425287
0 0.7038888888888889 0.2848932676518883 0.03222222222222222 0.047619047619047616
0 0.6527777777777778 0.45320197044334976 0.034444444444444444 0.042692939244663386
0 0.7561111111111111 0.6133004926108374 0.034444444444444444 0.047619047619047616
0 0.29333333333333333 0.2832512315270936 0.03333333333333333 0.05090311986863711
0 0.7555555555555555 0.2848932676518883 0.035555555555555556 0.047619047619047616
0 0.34444444444444444 0.7011494252873564 0.035555555555555556 0.042692939244663386
0 0.7044444444444444 0.6600985221674877 0.03333333333333333 0.042692939244663386
0 0.39666666666666667 0.3275862068965517 0.035555555555555556 0.041050903119868636
0 0.4483333333333333 0.2832512315270936 0.034444444444444444 0.04433497536945813
0 0.5505555555555556 0.6592775041050903 0.03222222222222222 0.04433497536945813
0 0.44722222222222224 0.6133004926108374 0.034444444444444444 0.047619047619047616
0 0.18944444444444444 0.2881773399014778 0.03666666666666667 0.04433497536945813
0 0.4483333333333333 0.409688013136289 0.034444444444444444 0.04433497536945813
0 0.34444444444444444 0.6157635467980296 0.03333333333333333 0.04597701149425287
0 0.44722222222222224 0.3275862068965517 0.034444444444444444 0.041050903119868636
0 0.6522222222222223 0.2848932676518883 0.03333333333333333 0.04433497536945813
0 0.5011111111111111 0.34318555008210183 0.044444444444444446 0.029556650246305417
0 0.5011111111111111 0.37192118226600984 0.044444444444444446 0.031198686371100164