0 0.5105555555555555 0.7458881578947368 0.01888888888888889 0.024671052631578948
0 0.49944444444444447 0.4934210526315789 0.03888888888888889 0.039473684210526314
0 0.9094444444444445 0.5008223684210527 0.034444444444444444 0.03782894736842105
0 0.3466666666666667 0.5789473684210527 0.03111111111111111 0.04276315789473684
0 0.29444444444444445 0.28618421052631576 0.03333333333333333 0.046052631578947366
0 0.3977777777777778 0.5394736842105263 0.03333333333333333 0.039473684210526314
0 0.4483333333333333 0.45723684210526316 0.03222222222222222 0.04276315789473684
0 0.6033333333333334 0.45805921052631576 0.03333333333333333 0.04111842105263158
0 0.7561111111111111 0.3774671052631579 0.034444444444444444 0.044407894736842105
0 0.5516666666666666 0.49835526315789475 0.034444444444444444 0.046052631578947366
0 0.7038888888888889 0.2524671052631579 0.034444444444444444 0.044407894736842105
0 0.6527777777777778 0.6644736842105263 0.034444444444444444 0.04276315789473684
0 0.4488888888888889 0.2886513157894737 0.035555555555555556 0.044407894736842105
0 0.6533333333333333 0.3338815789473684 0.03333333333333333 0.046052631578947366
0 0.39666666666666667 0.2886513157894737 0.03333333333333333 0.044407894736842105
0 0.3972222222222222 0.4144736842105263 0.034444444444444444 0.039473684210526314
0 0.6544444444444445 0.5411184210526315 0.03333333333333333 0.04276315789473684
0 0.6033333333333334 0.2911184210526316 0.03333333333333333 0.046052631578947366
0 0.34555555555555556 0.2886513157894737 0.03333333333333333 0.044407894736842105
0 0.34555555555555556 0.37335526315789475 0.03333333333333333 0.04276315789473684
0 0.3972222222222222 0.4564144736842105 0.03222222222222222 0.04111842105263158
0 0.6027777777777777 0.41694078947368424 0.03222222222222222 0.04111842105263158
0 0.34555555555555556 0.4564144736842105 0.03333333333333333 0.04111842105263158
0 0.5522222222222222 0.29194078947368424 0.03333333333333333 0.044407894736842105
0 0.4483333333333333 0.4136513157894737 0.034444444444444444 0.04111842105263158
0 0.3461111111111111 0.4152960526315789 0.03222222222222222 0.04111842105263158
0 0.5522222222222222 0.3338815789473684 0.03333333333333333 0.04276315789473684
0 0.5527777777777778 0.4152960526315789 0.034444444444444444 0.04111842105263158
0 0.3972222222222222 0.37335526315789475 0.03222222222222222 0.04276315789473684
0 0.91 0.5814144736842105 0.035555555555555556 0.03782894736842105
0 0.5016666666666667 0.1825657894736842 0.043333333333333335 0.03618421052631579
0 0.3461111111111111 0.7853618421052632 0.03222222222222222 0.04111842105263158
0 0.08833333333333333 0.7450657894736842 0.034444444444444444 0.04276315789473684
0 0.08833333333333333 0.4555921052631579 0.034444444444444444 0.039473684210526314
0 0.5516666666666666 0.5411184210526315 0.034444444444444444 0.039473684210526314
0 0.705 0.7467105263157895 0.03 0.039473684210526314
0 0.7044444444444444 0.6208881578947368 0.03333333333333333 0.04111842105263158
0 0.39666666666666667 0.9120065789473685 0.03333333333333333 0.04111842105263158
0 0.91 0.37582236842105265 0.03333333333333333 0.04111842105263158
0 0.4477777777777778 0.6192434210526315 0.03111111111111111 0.03782894736842105
0 0.7555555555555555 0.7055921052631579 0.03111111111111111 0.03618421052631579
0 0.5505555555555556 0.5797697368421053 0.03666666666666667 0.04111842105263158
0 0.6016666666666667 0.7047697368421053 0.03222222222222222 0.03782894736842105
0 0.24222222222222223 0.787828947368421 0.035555555555555556 0.039473684210526314
0 0.1922222222222222 0.4144736842105263 0.03333333333333333 0.039473684210526314
0 0.345 0.9120065789473685 0.034444444444444444 0.044407894736842105
0 0.08833333333333333 0.8273026315789473 0.034444444444444444 0.04276315789473684
0 0.39666666666666667 0.8297697368421053 0.035555555555555556 0.04111842105263158
0 0.08888888888888889 0.6175986842105263 0.035555555555555556 0.04111842105263158
0 0.08833333333333333 0.868421052631579 0.034444444444444444 0.039473684210526314
0 0.19166666666666668 0.4967105263157895 0.034444444444444444 0.039473684210526314
0 0.8588888888888889 0.37582236842105265 0.03111111111111111 0.04111842105263158
0 0.08888888888888889 0.49588815789473684 0.035555555555555556 0.04111842105263158
0 0.08888888888888889 0.32976973684210525 0.035555555555555556 0.04111842105263158
0 0.08888888888888889 0.6611842105263158 0.03333333333333333 0.039473684210526314
0 0.34555555555555556 0.8289473684210527 0.03333333333333333 0.039473684210526314
0 0.08777777777777777 0.7023026315789473 0.035555555555555556 0.04276315789473684
0 0.19111111111111112 0.7853618421052632 0.03333333333333333 0.03782894736842105
0 0.5027777777777778 0.3774671052631579 0.04111111111111111 0.03453947368421053
0 0.5022222222222222 0.27960526315789475 0.042222222222222223 0.029605263157894735
0 0.5027777777777778 0.31332236842105265 0.04 0.04111842105263158
0 0.5027777777777778 0.34786184210526316 0.04111111111111111 0.03125
0 0.19166666666666668 0.3314144736842105 0.03222222222222222 0.03782894736842105
0 0.7055555555555556 0.5386513157894737 0.03333333333333333 0.04111842105263158
0 0.3972222222222222 0.662828947368421 0.034444444444444444 0.04276315789473684
0 0.7038888888888889 0.41694078947368424 0.03222222222222222 0.04111842105263158
0 0.4477777777777778 0.7039473684210527 0.03333333333333333 0.039473684210526314
0 0.5511111111111111 0.7458881578947368 0.03333333333333333 0.04111842105263158
0 0.29444444444444445 0.5386513157894737 0.03333333333333333 0.04111842105263158
0 0.6022222222222222 0.6217105263157895 0.03333333333333333 0.04276315789473684
0 0.09 0.20394736842105263 0.03333333333333333 0.04276315789473684
0 0.2427777777777778 0.3314144736842105 0.034444444444444444 0.04111842105263158
0 0.19166666666666668 0.4564144736842105 0.034444444444444444 0.04111842105263158
0 0.5511111111111111 0.8708881578947368 0.03333333333333333 0.04111842105263158
0 0.24222222222222223 0.6620065789473685 0.03333333333333333 0.04111842105263158
0 0.8072222222222222 0.2911184210526316 0.03222222222222222 0.046052631578947366
0 0.4477777777777778 0.7845394736842105 0.03333333333333333 0.039473684210526314
0 0.5505555555555556 0.828125 0.03222222222222222 0.04111842105263158
0 0.6022222222222222 0.5814144736842105 0.03333333333333333 0.04111842105263158
0 0.6538888888888889 0.45805921052631576 0.03222222222222222 0.04111842105263158
0 0.5516666666666666 0.4564144736842105 0.03222222222222222 0.03782894736842105
0 0.6005555555555555 0.8700657894736842 0.034444444444444444 0.039473684210526314
0 0.4477777777777778 0.537828947368421 0.03333333333333333 0.039473684210526314
0 0.7561111111111111 0.540296052631579 0.034444444444444444 0.044407894736842105
0 0.7561111111111111 0.4605263157894737 0.034444444444444444 0.039473684210526314
0 0.29444444444444445 0.4136513157894737 0.03333333333333333 0.04111842105263158
0 0.4477777777777778 0.49835526315789475 0.03333333333333333 0.039473684210526314
0 0.2427777777777778 0.5386513157894737 0.03222222222222222 0.044407894736842105
0 0.7561111111111111 0.20723684210526316 0.034444444444444444 0.039473684210526314
0 0.7044444444444444 0.4588815789473684 0.03333333333333333 0.039473684210526314
0 0.3461111111111111 0.4967105263157895 0.03222222222222222 0.039473684210526314
0 0.08944444444444444 0.15871710526315788 0.034444444444444444 0.044407894736842105
0 0.295 0.4564144736842105 0.03222222222222222 0.04111842105263158
0 0.7555555555555555 0.29276315789473684 0.03333333333333333 0.039473684210526314
0 0.6016666666666667 0.7442434210526315 0.03222222222222222 0.04111842105263158
0 0.8072222222222222 0.37664473684210525 0.034444444444444444 0.039473684210526314
0 0.3972222222222222 0.5773026315789473 0.03222222222222222 0.039473684210526314
0 0.6533333333333333 0.5822368421052632 0.03333333333333333 0.039473684210526314
0 0.6027777777777777 0.5394736842105263 0.03222222222222222 0.039473684210526314
0 0.6016666666666667 0.7861842105263158 0.034444444444444444 0.04276315789473684
0 0.6538888888888889 0.41694078947368424 0.03222222222222222 0.04111842105263158
0 0.2427777777777778 0.4128289473684211 0.034444444444444444 0.04276315789473684
0 0.5511111111111111 0.7853618421052632 0.03333333333333333 0.04111842105263158
0 0.6527777777777778 0.8273026315789473 0.034444444444444444 0.04276315789473684
0 0.6027777777777777 0.6644736842105263 0.034444444444444444 0.04276315789473684
0 0.6011111111111112 0.8289473684210527 0.03333333333333333 0.04276315789473684
0 0.5522222222222222 0.37417763157894735 0.03111111111111111 0.03782894736842105
0 0.4488888888888889 0.3725328947368421 0.03111111111111111 0.04111842105263158
0 0.6522222222222223 0.7047697368421053 0.03333333333333333 0.04111842105263158
0 0.6538888888888889 0.7853618421052632 0.034444444444444444 0.04111842105263158
0 0.7561111111111111 0.42023026315789475 0.034444444444444444 0.04111842105263158
0 0.6033333333333334 0.375 0.03111111111111111 0.039473684210526314
0 0.4494444444444444 0.33223684210526316 0.034444444444444444 0.039473684210526314
0 0.7555555555555555 0.24835526315789475 0.03333333333333333 0.04276315789473684
0 0.24333333333333335 0.20476973684210525 0.03333333333333333 0.044407894736842105
0 0.19166666666666668 0.2894736842105263 0.034444444444444444 0.046052631578947366
0 0.4477777777777778 0.5789473684210527 0.03333333333333333 0.04276315789473684
0 0.7038888888888889 0.33223684210526316 0.034444444444444444 0.046052631578947366
0 0.7038888888888889 0.49835526315789475 0.034444444444444444 0.039473684210526314
0 0.39666666666666667 0.7870065789473685 0.03333333333333333 0.04111842105263158
0 0.08833333333333333 0.7845394736842105 0.034444444444444444 0.03618421052631579
0 0.08888888888888889 0.578125 0.03333333333333333 0.03782894736842105
0 0.08944444444444444 0.2886513157894737 0.03222222222222222 0.03782894736842105
0 0.29444444444444445 0.3305921052631579 0.03333333333333333 0.039473684210526314
0 0.9105555555555556 0.3355263157894737 0.034444444444444444 0.039473684210526314
0 0.08888888888888889 0.5386513157894737 0.03333333333333333 0.04111842105263158
0 0.7033333333333334 0.8708881578947368 0.03111111111111111 0.03782894736842105
0 0.3972222222222222 0.8692434210526315 0.034444444444444444 0.04111842105263158
0 0.5016666666666667 0.14884868421052633 0.043333333333333335 0.03125
0 0.7055555555555556 0.16447368421052633 0.03333333333333333 0.046052631578947366
0 0.3972222222222222 0.3305921052631579 0.03222222222222222 0.039473684210526314
0 0.19166666666666668 0.8700657894736842 0.034444444444444444 0.039473684210526314
0 0.5016666666666667 0.2138157894736842 0.043333333333333335 0.02631578947368421
0 0.5011111111111111 0.24588815789473684 0.042222222222222223 0.03782894736842105
0 0.3461111111111111 0.662828947368421 0.03222222222222222 0.04276315789473684
0 0.19111111111111112 0.5386513157894737 0.035555555555555556 0.04111842105263158
0 0.19111111111111112 0.6225328947368421 0.035555555555555556 0.044407894736842105
0 0.6522222222222223 0.9136513157894737 0.03333333333333333 0.044407894736842105
0 0.4483333333333333 0.8264802631578947 0.03222222222222222 0.04111842105263158
0 0.4477777777777778 0.8692434210526315 0.03111111111111111 0.04111842105263158
0 0.6533333333333333 0.6233552631578947 0.03333333333333333 0.04276315789473684
0 0.705 0.662828947368421 0.03222222222222222 0.04276315789473684
0 0.34555555555555556 0.5370065789473685 0.03111111111111111 0.04111842105263158
0 0.7044444444444444 0.37582236842105265 0.03333333333333333 0.04111842105263158
0 0.705 0.5797697368421053 0.034444444444444444 0.04111842105263158
0 0.7044444444444444 0.7064144736842105 0.03333333333333333 0.04111842105263158
0 0.6538888888888889 0.49835526315789475 0.03222222222222222 0.039473684210526314
0 0.245 0.15953947368421054 0.03222222222222222 0.04276315789473684
0 0.29444444444444445 0.5789473684210527 0.03333333333333333 0.039473684210526314
0 0.5516666666666666 0.7047697368421053 0.03222222222222222 0.04111842105263158
0 0.2427777777777778 0.6208881578947368 0.03222222222222222 0.04111842105263158
0 0.1922222222222222 0.3717105263157895 0.035555555555555556 0.04276315789473684
0 0.7561111111111111 0.7450657894736842 0.034444444444444444 0.04276315789473684
0 0.7555555555555555 0.787828947368421 0.035555555555555556 0.04276315789473684
0 0.8583333333333333 0.4185855263157895 0.034444444444444444 0.044407894736842105
0 0.7038888888888889 0.828125 0.034444444444444444 0.044407894736842105
0 0.7044444444444444 0.2080592105263158 0.03333333333333333 0.04111842105263158
0 0.08944444444444444 0.24588815789473684 0.034444444444444444 0.03782894736842105
0 0.6005555555555555 0.912828947368421 0.034444444444444444 0.046052631578947366
0 0.39666666666666667 0.6200657894736842 0.03333333333333333 0.04276315789473684
0 0.6527777777777778 0.8700657894736842 0.034444444444444444 0.039473684210526314
0 0.24222222222222223 0.7039473684210527 0.035555555555555556 0.04276315789473684
0 0.295 0.3717105263157895 0.03222222222222222 0.039473684210526314
0 0.7555555555555555 0.6661184210526315 0.03333333333333333 0.04276315789473684
0 0.7561111111111111 0.8305921052631579 0.034444444444444444 0.04276315789473684
0 0.2427777777777778 0.5797697368421053 0.03 0.03782894736842105
0 0.7566666666666667 0.33305921052631576 0.03333333333333333 0.04111842105263158
0 0.24333333333333335 0.24671052631578946 0.03333333333333333 0.039473684210526314
0 0.14055555555555554 0.2902960526315789 0.034444444444444444 0.044407894736842105
0 0.8577777777777778 0.2935855263157895 0.03333333333333333 0.047697368421052634
0 0.3972222222222222 0.4967105263157895 0.034444444444444444 0.04276315789473684
0 0.5 0.4506578947368421 0.04 0.04276315789473684
0 0.44722222222222224 0.6611842105263158 0.03222222222222222 0.04276315789473684
0 0.44722222222222224 0.743421052631579 0.03222222222222222 0.039473684210526314
0 0.7566666666666667 0.16282894736842105 0.035555555555555556 0.046052631578947366
0 0.6533333333333333 0.37582236842105265 0.03111111111111111 0.03782894736842105
0 0.24222222222222223 0.37088815789473684 0.03333333333333333 0.03782894736842105
0 0.34555555555555556 0.33223684210526316 0.03333333333333333 0.03618421052631579
0 0.34555555555555556 0.7442434210526315 0.03333333333333333 0.04111842105263158
0 0.5505555555555556 0.9136513157894737 0.034444444444444444 0.044407894736842105
0 0.24333333333333335 0.9120065789473685 0.035555555555555556 0.044407894736842105
0 0.6533333333333333 0.7450657894736842 0.03111111111111111 0.03618421052631579
0 0.34555555555555556 0.7039473684210527 0.03333333333333333 0.039473684210526314
0 0.19166666666666668 0.5797697368421053 0.034444444444444444 0.04111842105263158
0 0.3466666666666667 0.6200657894736842 0.03111111111111111 0.039473684210526314
0 0.7033333333333334 0.9136513157894737 0.035555555555555556 0.044407894736842105
0 0.6533333333333333 0.2902960526315789 0.03111111111111111 0.03782894736842105
0 0.24166666666666667 0.7458881578947368 0.03222222222222222 0.04111842105263158
0 0.9105555555555556 0.5419407894736842 0.034444444444444444 0.04111842105263158
0 0.8066666666666666 0.4588815789473684 0.03333333333333333 0.046052631578947366
0 0.8072222222222222 0.3355263157894737 0.03222222222222222 0.04276315789473684
0 0.24333333333333335 0.8692434210526315 0.035555555555555556 0.04111842105263158
0 0.5511111111111111 0.6644736842105263 0.03111111111111111 0.039473684210526314
0 0.2427777777777778 0.49588815789473684 0.03222222222222222 0.04111842105263158
0 0.91 0.4597039473684211 0.03333333333333333 0.04111842105263158
0 0.29388888888888887 0.4967105263157895 0.034444444444444444 0.039473684210526314
0 0.2427777777777778 0.8273026315789473 0.034444444444444444 0.039473684210526314
0 0.55 0.6225328947368421 0.03111111111111111 0.044407894736842105
0 0.2427777777777778 0.45476973684210525 0.03222222222222222 0.04111842105263158
0 0.19111111111111112 0.7450657894736842 0.03333333333333333 0.04276315789473684
0 0.4483333333333333 0.912828947368421 0.03222222222222222 0.039473684210526314
0 0.7038888888888889 0.29276315789473684 0.03222222222222222 0.03289473684210526
0 0.7555555555555555 0.6233552631578947 0.03111111111111111 0.039473684210526314
0 0.2427777777777778 0.2894736842105263 0.034444444444444444 0.039473684210526314
0 0.29388888888888887 0.6208881578947368 0.034444444444444444 0.04111842105263158
0 0.8061111111111111 0.41694078947368424 0.03222222222222222 0.03782894736842105
0 0.3977777777777778 0.7450657894736842 0.03111111111111111 0.039473684210526314
0 0.7555555555555555 0.5830592105263158 0.03111111111111111 0.03782894736842105
0 0.19055555555555556 0.6644736842105263 0.034444444444444444 0.039473684210526314
0 0.08888888888888889 0.9111842105263158 0.035555555555555556 0.04276315789473684
0 0.9094444444444445 0.41776315789473684 0.034444444444444444 0.04276315789473684
0 0.7561111111111111 0.49917763157894735 0.034444444444444444 0.03782894736842105
0 0.1922222222222222 0.9120065789473685 0.035555555555555556 0.044407894736842105
0 0.705 0.7861842105263158 0.03222222222222222 0.039473684210526314
0 0.08833333333333333 0.3717105263157895 0.03666666666666667 0.039473684210526314
0 0.3461111111111111 0.868421052631579 0.034444444444444444 0.039473684210526314
0 0.8577777777777778 0.3371710526315789 0.03111111111111111 0.03618421052631579
0 0.9105555555555556 0.29276315789473684 0.034444444444444444 0.04276315789473684
0 0.6033333333333334 0.3338815789473684 0.03111111111111111 0.039473684210526314
0 0.08777777777777777 0.4128289473684211 0.035555555555555556 0.04276315789473684
0 0.19111111111111112 0.7039473684210527 0.03333333333333333 0.039473684210526314
0 0.6027777777777777 0.49917763157894735 0.034444444444444444 0.04111842105263158
0 0.3972222222222222 0.7055921052631579 0.034444444444444444 0.039473684210526314
0 0.19111111111111112 0.828125 0.03333333333333333 0.04111842105263158