0 0.19 0.542833607907743 0.03333333333333333 0.04118616144975288
0 0.345 0.9159802306425041 0.03666666666666667 0.042833607907743
0 0.4483333333333333 0.7051070840197694 0.03222222222222222 0.039538714991762765
0 0.39666666666666667 0.78665568369028 0.03333333333333333 0.04118616144975288
0 0.13777777777777778 0.5815485996705108 0.03333333333333333 0.042833607907743
0 0.39555555555555555 0.5 0.03333333333333333 0.04118616144975288
0 0.8066666666666666 0.45634266886326197 0.03333333333333333 0.042833607907743
0 0.44722222222222224 0.7883031301482701 0.03222222222222222 0.044481054365733116
0 0.4477777777777778 0.5411861614497528 0.03111111111111111 0.03789126853377265
0 0.7544444444444445 0.28912685337726524 0.03333333333333333 0.03789126853377265
0 0.08666666666666667 0.29242174629324547 0.035555555555555556 0.047775947281713346
0 0.34555555555555556 0.7471169686985173 0.03333333333333333 0.04118616144975288
0 0.13777777777777778 0.4588138385502471 0.03333333333333333 0.04118616144975288
0 0.18944444444444444 0.7084019769357496 0.03222222222222222 0.042833607907743
0 0.6527777777777778 0.7841845140032949 0.034444444444444444 0.042833607907743
0 0.55 0.15815485996705106 0.03333333333333333 0.04612850082372323
0 0.39611111111111114 0.3319604612850082 0.034444444444444444 0.04118616144975288
0 0.18888888888888888 0.2487644151565074 0.03111111111111111 0.039538714991762765
0 0.13833333333333334 0.29242174629324547 0.03222222222222222 0.044481054365733116
0 0.345 0.7891268533772653 0.034444444444444444 0.042833607907743
0 0.5505555555555556 0.7051070840197694 0.03222222222222222 0.042833607907743
0 0.7022222222222222 0.2915980230642504 0.03333333333333333 0.042833607907743
0 0.345 0.6655683690280065 0.03222222222222222 0.039538714991762765
0 0.6522222222222223 0.6630971993410214 0.03111111111111111 0.04118616144975288
0 0.29388888888888887 0.6252059308072487 0.03222222222222222 0.044481054365733116
0 0.345 0.8311367380560132 0.034444444444444444 0.04118616144975288
0 0.7022222222222222 0.3731466227347611 0.03111111111111111 0.03789126853377265
0 0.24 0.33607907742998355 0.03333333333333333 0.042833607907743
0 0.6522222222222223 0.7042833607907742 0.03333333333333333 0.04118616144975288
0 0.6511111111111111 0.28912685337726524 0.03111111111111111 0.03459637561779242
0 0.4477777777777778 0.8311367380560132 0.03333333333333333 0.04118616144975288
0 0.4477777777777778 0.7462932454695222 0.03333333333333333 0.039538714991762765
0 0.7027777777777777 0.4135090609555189 0.03222222222222222 0.039538714991762765
0 0.2927777777777778 0.5815485996705108 0.034444444444444444 0.039538714991762765
0 0.7033333333333334 0.45634266886326197 0.03333333333333333 0.042833607907743
0 0.29333333333333333 0.4612850082372323 0.03333333333333333 0.042833607907743
0 0.39611111111111114 0.7059308072487644 0.03222222222222222 0.04118616144975288
0 0.7027777777777777 0.20345963756177923 0.034444444444444444 0.04118616144975288
0 0.7022222222222222 0.33360790774299837 0.03333333333333333 0.04118616144975288
0 0.2927777777777778 0.41680395387149916 0.034444444444444444 0.042833607907743
0 0.18944444444444444 0.20675453047775946 0.03222222222222222 0.044481054365733116
0 0.6 0.28912685337726524 0.03111111111111111 0.04118616144975288
0 0.39611111111111114 0.6655683690280065 0.034444444444444444 0.039538714991762765
0 0.44722222222222224 0.45799011532125206 0.03222222222222222 0.039538714991762765
0 0.55 0.6647446457990115 0.03333333333333333 0.04118616144975288
0 0.29333333333333333 0.33525535420098845 0.03333333333333333 0.044481054365733116
0 0.4477777777777778 0.2883031301482702 0.03111111111111111 0.042833607907743
0 0.7022222222222222 0.2471169686985173 0.03333333333333333 0.04612850082372323
0 0.5494444444444444 0.3369028006589786 0.03222222222222222 0.044481054365733116
0 0.34444444444444444 0.7059308072487644 0.035555555555555556 0.04118616144975288
0 0.49833333333333335 0.4514003294892916 0.03666666666666667 0.042833607907743
0 0.345 0.5 0.03222222222222222 0.04118616144975288
0 0.6516666666666666 0.4975288303130148 0.034444444444444444 0.039538714991762765
0 0.34555555555555556 0.6243822075782537 0.03111111111111111 0.042833607907743
0 0.55 0.414332784184514 0.03333333333333333 0.03459637561779242
0 0.6516666666666666 0.5370675453047776 0.034444444444444444 0.039538714991762765
0 0.2922222222222222 0.24958813838550248 0.03333333333333333 0.04118616144975288
0 0.5488888888888889 0.37808896210873144 0.028888888888888888 0.03789126853377265
0 0.44722222222222224 0.6647446457990115 0.03222222222222222 0.04118616144975288
0 0.345 0.41515650741350907 0.03222222222222222 0.036243822075782535
0 0.7027777777777777 0.5799011532125206 0.034444444444444444 0.042833607907743
0 0.39611111111111114 0.5411861614497528 0.03 0.03789126853377265
0 0.44666666666666666 0.6235584843492586 0.03111111111111111 0.04118616144975288
0 0.5494444444444444 0.6227347611202636 0.034444444444444444 0.042833607907743
0 0.6516666666666666 0.15815485996705106 0.034444444444444444 0.05271828665568369
0 0.2927777777777778 0.3756177924217463 0.034444444444444444 0.036243822075782535
0 0.18888888888888888 0.41680395387149916 0.03333333333333333 0.042833607907743
0 0.6511111111111111 0.20593080724876442 0.03333333333333333 0.042833607907743
0 0.7544444444444445 0.15897858319604613 0.035555555555555556 0.047775947281713346
0 0.18888888888888888 0.3756177924217463 0.03333333333333333 0.039538714991762765
0 0.395 0.5815485996705108 0.03222222222222222 0.039538714991762765
0 0.6 0.33278418451400327 0.03333333333333333 0.042833607907743
0 0.2916666666666667 0.15815485996705106 0.034444444444444444 0.04612850082372323
0 0.345 0.542833607907743 0.03222222222222222 0.03789126853377265
0 0.6511111111111111 0.37397034596375617 0.03333333333333333 0.039538714991762765
0 0.44722222222222224 0.5823723228995058 0.03 0.04118616144975288
0 0.39666666666666667 0.7479406919275123 0.03333333333333333 0.039538714991762765
0 0.7016666666666667 0.15733113673805602 0.034444444444444444 0.047775947281713346
0 0.805 0.28912685337726524 0.03222222222222222 0.044481054365733116
0 0.18944444444444444 0.16062602965403625 0.03222222222222222 0.044481054365733116
0 0.39666666666666667 0.8303130148270181 0.03333333333333333 0.042833607907743
0 0.8566666666666667 0.28912685337726524 0.03333333333333333 0.044481054365733116
0 0.7538888888888889 0.20510708401976935 0.034444444444444444 0.04118616144975288
0 0.18944444444444444 0.33278418451400327 0.03222222222222222 0.042833607907743
0 0.7038888888888889 0.5378912685337727 0.03222222222222222 0.04118616144975288
0 0.6522222222222223 0.6227347611202636 0.03111111111111111 0.039538714991762765
0 0.18944444444444444 0.4596375617792422 0.03222222222222222 0.039538714991762765
0 0.13777777777777778 0.37397034596375617 0.03333333333333333 0.042833607907743
0 0.13833333333333334 0.5420098846787479 0.03222222222222222 0.036243822075782535
0 0.18888888888888888 0.2907742998352554 0.03111111111111111 0.03789126853377265
0 0.19 0.6260296540362438 0.03333333333333333 0.042833607907743
0 0.5511111111111111 0.871499176276771 0.03111111111111111 0.039538714991762765
0 0.29388888888888887 0.8303130148270181 0.03222222222222222 0.036243822075782535
0 0.5494444444444444 0.5799011532125206 0.03222222222222222 0.039538714991762765
0 0.29388888888888887 0.9159802306425041 0.034444444444444444 0.042833607907743
0 0.13777777777777778 0.3344316309719934 0.03333333333333333 0.039538714991762765
0 0.91 0.4135090609555189 0.03333333333333333 0.039538714991762765
0 0.18944444444444444 0.8756177924217463 0.034444444444444444 0.03789126853377265
0 0.08555555555555555 0.3369028006589786 0.03333333333333333 0.04118616144975288
0 0.4477777777777778 0.913509060955519 0.035555555555555556 0.044481054365733116
0 0.2922222222222222 0.29242174629324547 0.03333333333333333 0.04118616144975288
0 0.29388888888888887 0.7891268533772653 0.03222222222222222 0.039538714991762765
0 0.55 0.5387149917627677 0.03333333333333333 0.04612850082372323
0 0.39611111111111114 0.913509060955519 0.034444444444444444 0.044481054365733116
0 0.29333333333333333 0.7487644151565074 0.03333333333333333 0.03789126853377265
0 0.9111111111111111 0.6210873146622735 0.035555555555555556 0.042833607907743
0 0.6533333333333333 0.8278418451400329 0.035555555555555556 0.044481054365733116
0 0.18888888888888888 0.8336079077429983 0.035555555555555556 0.042833607907743
0 0.29333333333333333 0.5420098846787479 0.03111111111111111 0.039538714991762765
0 0.13777777777777778 0.8344316309719935 0.03333333333333333 0.04118616144975288
0 0.19 0.7512355848434926 0.03333333333333333 0.042833607907743
0 0.18944444444444444 0.9184514003294892 0.03666666666666667 0.04118616144975288
0 0.9088888888888889 0.2883031301482702 0.03333333333333333 0.04612850082372323
0 0.55 0.7874794069192751 0.028888888888888888 0.039538714991762765
0 0.13777777777777778 0.6243822075782537 0.03333333333333333 0.042833607907743
0 0.91 0.45551894563426687 0.03333333333333333 0.04118616144975288
0 0.13777777777777778 0.8764415156507414 0.03333333333333333 0.042833607907743
0 0.91 0.5790774299835255 0.03333333333333333 0.04118616144975288
0 0.755 0.3319604612850082 0.03222222222222222 0.044481054365733116
0 0.34444444444444444 0.872322899505766 0.035555555555555556 0.04118616144975288
0 0.5505555555555556 0.7462932454695222 0.03 0.039538714991762765
0 0.13777777777777778 0.4159802306425041 0.03333333333333333 0.04118616144975288
0 0.29333333333333333 0.7100494233937397 0.03333333333333333 0.039538714991762765
0 0.5494444444444444 0.4975288303130148 0.03222222222222222 0.036243822075782535
0 0.8061111111111111 0.414332784184514 0.03222222222222222 0.03789126853377265
0 0.8561111111111112 0.3319604612850082 0.034444444444444444 0.04118616144975288
0 0.5505555555555556 0.8278418451400329 0.03222222222222222 0.03789126853377265
0 0.18944444444444444 0.5 0.034444444444444444 0.04118616144975288
0 0.91 0.3731466227347611 0.03333333333333333 0.04118616144975288
0 0.29333333333333333 0.6688632619439868 0.035555555555555556 0.042833607907743
0 0.5 0.3467874794069193 0.042222222222222223 0.03130148270181219
0 0.5 0.14827018121911037 0.04 0.036243822075782535
0 0.49944444444444447 0.21252059308072488 0.043333333333333335 0.029654036243822075
0 0.5 0.18039538714991762 0.04 0.03459637561779242
0 0.5005555555555555 0.4917627677100494 0.034444444444444444 0.03459637561779242
0 0.5116666666666667 0.7479406919275123 0.021111111111111112 0.026359143327841845
0 0.49944444444444447 0.2800658978583196 0.04111111111111111 0.029654036243822075
0 0.5005555555555555 0.3772652388797364 0.043333333333333335 0.036243822075782535
0 0.91 0.33278418451400327 0.03333333333333333 0.039538714991762765
0 0.4988888888888889 0.24546952224052718 0.042222222222222223 0.039538714991762765
0 0.9105555555555556 0.8731466227347611 0.034444444444444444 0.042833607907743
0 0.29333333333333333 0.8698517298187809 0.03333333333333333 0.042833607907743
0 0.9111111111111111 0.913509060955519 0.03333333333333333 0.04118616144975288
0 0.39611111111111114 0.871499176276771 0.03222222222222222 0.039538714991762765
0 0.9105555555555556 0.6630971993410214 0.034444444444444444 0.03789126853377265
0 0.5505555555555556 0.913509060955519 0.03222222222222222 0.04118616144975288
0 0.9111111111111111 0.7042833607907742 0.03333333333333333 0.044481054365733116
0 0.5005555555555555 0.313838550247117 0.04111111111111111 0.03789126853377265
0 0.13777777777777778 0.6663920922570017 0.03333333333333333 0.04118616144975288
0 0.7033333333333334 0.49917627677100496 0.03111111111111111 0.036243822075782535
0 0.6538888888888889 0.871499176276771 0.034444444444444444 0.042833607907743
0 0.8055555555555556 0.33278418451400327 0.03333333333333333 0.039538714991762765
0 0.9111111111111111 0.7454695222405272 0.03333333333333333 0.04118616144975288
0 0.6527777777777778 0.7438220757825371 0.03222222222222222 0.03459637561779242
0 0.91 0.785831960461285 0.035555555555555556 0.039538714991762765
0 0.13777777777777778 0.7504118616144976 0.03333333333333333 0.04118616144975288
0 0.6544444444444445 0.914332784184514 0.03333333333333333 0.039538714991762765
0 0.19055555555555556 0.6663920922570017 0.03222222222222222 0.03789126853377265
0 0.91 0.5378912685337727 0.03333333333333333 0.03789126853377265
0 0.13833333333333334 0.5016474464579901 0.034444444444444444 0.044481054365733116
0 0.13722222222222222 0.9192751235584844 0.034444444444444444 0.039538714991762765
0 0.9105555555555556 0.8303130148270181 0.034444444444444444 0.042833607907743
0 0.13777777777777778 0.7924217462932455 0.03333333333333333 0.039538714991762765
0 0.44722222222222224 0.871499176276771 0.03222222222222222 0.039538714991762765
0 0.19055555555555556 0.7924217462932455 0.03222222222222222 0.039538714991762765
0 0.13833333333333334 0.7084019769357496 0.03222222222222222 0.042833607907743
0 0.18944444444444444 0.5831960461285008 0.03222222222222222 0.039538714991762765
0 0.29388888888888887 0.5024711696869851 0.03222222222222222 0.039538714991762765
0 0.9094444444444445 0.49670510708401977 0.034444444444444444 0.04118616144975288
0 0.6516666666666666 0.414332784184514 0.03222222222222222 0.04118616144975288
0 0.5488888888888889 0.2471169686985173 0.03111111111111111 0.042833607907743
0 0.6522222222222223 0.5799011532125206 0.03333333333333333 0.042833607907743
0 0.5488888888888889 0.20510708401976935 0.03333333333333333 0.04118616144975288
0 0.8061111111111111 0.37397034596375617 0.03222222222222222 0.042833607907743
0 0.3438888888888889 0.3747940691927512 0.03 0.04118616144975288
0 0.4477777777777778 0.3731466227347611 0.03111111111111111 0.04118616144975288
0 0.34444444444444444 0.28912685337726524 0.03333333333333333 0.044481054365733116
0 0.5483333333333333 0.29242174629324547 0.03222222222222222 0.044481054365733116
0 0.5488888888888889 0.457166392092257 0.03333333333333333 0.044481054365733116
0 0.6511111111111111 0.45634266886326197 0.03333333333333333 0.042833607907743
0 0.7533333333333333 0.24629324546952225 0.035555555555555556 0.044481054365733116
0 0.39555555555555555 0.28912685337726524 0.03333333333333333 0.044481054365733116
0 0.6505555555555556 0.33031301482701814 0.034444444444444444 0.044481054365733116
0 0.24055555555555555 0.2899505766062603 0.034444444444444444 0.04612850082372323
0 0.6505555555555556 0.2504118616144975 0.03222222222222222 0.042833607907743
0 0.345 0.3319604612850082 0.03222222222222222 0.04118616144975288
0 0.34555555555555556 0.5823723228995058 0.03333333333333333 0.04118616144975288
0 0.34444444444444444 0.457166392092257 0.03333333333333333 0.044481054365733116
0 0.2927777777777778 0.20593080724876442 0.034444444444444444 0.04612850082372323
0 0.44722222222222224 0.49917627677100496 0.034444444444444444 0.04612850082372323
0 0.39611111111111114 0.6243822075782537 0.03222222222222222 0.042833607907743
0 0.39611111111111114 0.3723228995057661 0.034444444444444444 0.039538714991762765
0 0.4477777777777778 0.3311367380560132 0.03333333333333333 0.042833607907743
0 0.39611111111111114 0.4588138385502471 0.034444444444444444 0.04118616144975288
0 0.39555555555555555 0.414332784184514 0.03333333333333333 0.044481054365733116
0 0.4477777777777778 0.4159802306425041 0.03333333333333333 0.04118616144975288